56 146 30 
0 1 4.370861069626263
0 2 9.556428757689245
0 7 7.587945476302646
0 8 6.387926357773329
0 9 2.4041677639819286
0 11 2.403950683025824
0 12 1.5227525095137953
0 14 8.795585311974417
0 17 6.41003510568888
0 19 7.372653200164409
0 20 1.185260448662222
0 21 9.72918866945795
0 22 8.491983767203795
0 23 2.9110519961044856
0 25 2.636424704863906
0 26 2.650640588680904
0 27 3.7381801866358395
0 30 5.72280788469014
0 33 4.887505167779041
0 34 3.6210622617823773
0 35 6.506676052501415
0 37 2.2554447458683766
0 38 3.629301836816963
0 40 4.297256589643226
0 41 5.104629857953324
0 42 8.066583652537123
0 43 2.7970640394252375
0 44 5.628109945722504
0 45 6.331731119758382
0 48 1.4180537144799796
0 49 6.467903667112945
0 50 2.5347171131856236
0 51 1.5854643368675156
0 52 9.539969835279999
0 54 9.690688297671034
0 56 8.275576133048151
0 57 3.741523922560336
0 58 1.8790490260574548
0 60 7.158097238609412
0 61 4.961372443656412
0 62 2.0983441136030097
0 63 5.456592191001432
0 64 1.3094966900369656
0 65 9.18388361870904
0 66 3.3290198344001523
0 67 6.962700559185838
0 70 3.8053996848046987
0 71 5.680612190600297
0 72 5.920392514089517
0 74 2.6636900997297435
1 2 9.726261649881026
1 3 7.976195410250031
1 4 9.455490474077703
1 6 9.053446153848839
1 7 6.381099809299767
1 8 9.296868115208051
1 10 1.7964325184672756
1 12 2.763845761772307
1 14 1.4070456001948426
1 15 3.927972976869379
1 16 4.498095607205338
1 17 3.442141285965063
1 18 8.458637582367365
1 21 4.210779940242304
1 25 3.5284105871864266
1 27 5.884264748424236
1 28 2.2683180247728636
1 29 8.219772826786357
1 31 1.6709557931179373
1 32 9.881982429404655
1 35 7.9502029236699165
1 36 2.7884411338075514
1 37 1.0496990541124216
1 39 8.339152856093508
1 41 7.361716094628554
1 43 7.561064512368886
1 46 7.941433120173512
1 49 1.6664018656068134
1 50 4.226191556898454
1 53 2.0428215357261674
1 54 8.767930832880342
1 55 6.609683141448022
1 57 3.9780822236738427
1 58 1.5720251525742128
1 61 3.79884089544096
1 63 3.9266498982407234
1 64 7.566455605042576
1 65 6.738017242196918
1 66 8.98491468318694
1 69 5.249934326457543
1 71 2.0763482134447155
1 73 7.419203085006955
2 5 7.847065437552077
2 6 6.051494778125466
2 7 7.938704619591049
2 8 5.444160367279517
2 9 5.704595464437946
2 11 4.847869165226946
2 14 1.2287721406968566
2 15 1.97102284293974
2 16 1.2828626711806081
2 17 6.727693701374023
2 18 3.82920382968694
2 19 5.577136220482325
2 21 9.168098265334837
2 24 3.2436300623398746
2 25 4.693446307320667
2 27 7.799960246887438
2 31 3.059183489424602
2 32 1.6928191884591368
2 34 3.6077630762239123
2 36 2.4509915852860398
2 37 9.367278871083158
2 40 8.273083416079754
2 41 6.700633808593811
2 42 8.84314531168946
2 44 8.23304869209203
2 45 2.6791305299743224
2 46 9.0330309864098
2 47 5.854080177240856
2 48 8.266961396476564
2 52 9.06482169931144
2 53 3.8620312747467747
2 54 1.9904673207490908
2 55 3.051416462877475
2 56 4.843970097636307
2 57 8.362132893302437
2 58 8.74657524930709
2 59 1.0625691747807164
2 62 5.596725723198092
2 63 4.7566990283390105
2 64 2.9989702942365724
2 65 2.0787883060031453
2 67 4.038536542632651
2 68 9.486187335212673
2 70 3.908826388186797
2 72 5.669115595690295
2 73 7.3271706300566
2 74 4.272666421413646
3 4 9.746038744488645
3 6 9.662025654479
3 7 3.2660406624282774
3 8 5.475236553031469
3 9 3.707904788350927
3 12 3.5635644493972087
3 13 1.3319825261907952
3 14 6.486079005819072
3 15 5.524111209059753
3 16 1.463308761249904
3 17 3.507818178129503
3 18 9.174392973699883
3 19 3.1560570160027517
3 20 2.304053848821008
3 22 5.405074842498067
3 23 9.870854086995406
3 25 3.178497443603504
3 26 7.049219926652907
3 27 7.854576537958458
3 28 3.1387378959315972
3 29 7.553947137506736
3 31 4.3100481944732785
3 32 6.690752475342215
3 34 6.7017673968480524
3 35 5.821972156672826
3 36 1.8126079304896747
3 37 8.51772246030314
3 38 3.8870205847456223
3 41 2.678666593598688
3 42 1.3669762739928752
3 43 6.318036488694176
3 44 7.098079256580542
3 47 1.1492904603507053
3 48 5.608837524693529
3 49 3.0384619767814414
3 50 6.806555113685048
3 52 2.569297861044923
3 53 7.218439642922194
3 54 4.480618116704837
3 55 9.43056989863061
3 56 2.2376884973139393
3 57 4.069597159452327
3 58 2.021261691165302
3 59 9.322242564507064
3 65 8.896054180428829
3 66 3.3214746494364005
3 67 6.939856414307611
3 70 8.354999801810942
3 72 5.996807304395161
4 6 5.766855205204059
4 7 3.1766706181040654
4 8 1.837924910253093
4 9 9.074941821579941
4 11 9.103762514469974
4 12 6.697913115459412
4 13 4.051268119438307
4 15 4.142886171513948
4 17 7.533601109832154
4 20 9.073992339573193
4 21 8.983777818386056
4 22 8.018879912718614
4 23 6.77828481538859
4 26 1.7572596849554394
4 27 2.454658426851524
4 31 9.086987696743714
4 32 6.457861536936309
4 35 1.0827734645496667
4 36 1.913243885794289
4 39 6.971515921972502
4 41 1.0455542546159682
4 42 2.4472724627574878
4 45 5.938604104299275
4 46 7.227056779234239
4 50 6.867651335523405
4 52 3.018423785145038
4 53 7.409612992127823
4 54 3.135241787471201
4 55 3.9285972834334095
4 57 7.718422646062217
4 58 6.846696091424932
4 59 8.6430106944476
4 62 6.91851603070309
4 64 6.114777430019244
4 65 1.8430729104528323
4 68 4.309442227534902
4 69 3.386821309135529
4 70 3.195906790411752
4 71 9.75709499277201
4 72 4.537879522000844
4 74 9.02841899659402
5 8 6.680247633975366
5 10 8.153301731874835
5 12 5.523733837946729
5 13 6.192134961637232
5 15 5.432659244369775
5 18 2.7571868901824006
5 19 7.502069037353548
5 21 3.526951261967702
5 22 1.2188436978830846
5 23 6.80925066316451
5 24 2.5939961146634403
5 27 9.464127259176228
5 28 9.585357193023286
5 31 9.233779511984036
5 33 4.331428302298999
5 34 1.1391095487598069
5 35 9.354867063289529
5 38 4.8536573348558285
5 39 9.699893371393026
5 41 9.672579793803276
5 43 8.677085099206241
5 47 3.6500400286262713
5 49 4.465879557417328
5 50 8.660230043651712
5 52 3.852298046406499
5 54 2.5254347201748324
5 57 6.0112113621251515
5 58 9.425392967447028
5 59 7.264268170074757
5 62 6.1305505308042845
5 64 1.8745884439369167
5 65 6.535065040292528
5 66 9.91048465093837
5 67 2.260756137128716
5 68 5.664966871273631
5 69 8.8963576473516
5 70 7.66691755978784
5 72 7.273141668957412
5 74 7.322356755883983
6 7 4.2354203609777965
6 9 3.64232659838044
6 10 8.284250399306622
6 11 8.291020552112627
6 13 8.803650867220934
6 14 9.219164973008242
6 15 5.60208158974844
6 17 5.513646652184796
6 18 8.184656610700976
6 23 6.849675376999887
6 26 7.31770189531933
6 28 8.16213402492491
6 29 9.010048076358096
6 31 4.041956411663822
6 33 4.380246573759496
6 36 1.845837458567821
6 37 6.204521268965566
6 38 1.3234804641706788
6 39 5.190382163192141
6 41 5.883801712368189
6 42 3.5788712691545594
6 43 6.317499345121097
6 45 1.2745022494514449
6 46 1.3361336987429298
6 52 8.403405045936925
6 53 4.241715772701366
6 54 2.143544613866963
6 58 5.700189340493239
6 59 7.9299419778874976
6 62 2.9423892474715885
6 64 6.606014282371002
6 65 1.768127184943912
6 67 1.4651354905174694
6 68 5.782191684113332
6 70 5.865716094490959
6 71 6.736869113483859
6 73 7.534822003503954
6 74 9.782668715162812
7 8 5.646703134710758
7 9 3.9066082564712135
7 10 8.156675752918332
7 11 3.437490261358668
7 12 4.950742786350725
7 16 1.7061074320803935
7 20 1.2281566907391177
7 24 9.663835732101326
7 25 8.523821084609853
7 26 7.263767854843282
7 29 4.680576499728429
7 30 2.559648880637612
7 31 2.4079333840397745
7 32 3.252186083481358
7 33 5.943039982355084
7 34 7.431363304300561
7 35 6.941776390459581
7 37 3.5194050725134858
7 42 9.593787525968747
7 44 7.641072250261916
7 45 5.989186472602606
7 46 6.5054867161091705
7 48 4.776400561850109
7 51 3.229578905510417
7 53 4.2037541078613545
7 55 7.820614994179322
7 59 1.1295413976678028
7 60 2.0446537645622462
7 61 1.4140237781957747
7 62 1.3665592208707311
7 64 8.699145256099065
7 65 7.332920734420213
7 67 5.267564461785927
7 68 1.8805074458590134
7 69 5.4245428760514915
7 71 5.261245937025091
7 72 2.5588168291901368
7 73 4.904664843141758
7 74 4.586542609576361
8 9 6.542650882469948
8 10 6.715842857808794
8 14 1.4077360879484007
8 16 4.371513531638241
8 19 6.632739241428127
8 20 5.528226327220789
8 21 8.7084085706949
8 24 6.928242684570505
8 25 2.466409843732867
8 26 1.6351187266038685
8 28 6.78177350385684
8 29 1.2386017948745964
8 30 6.2719802314611695
8 32 9.462072172824618
8 33 6.179267600882911
8 35 4.493529335858697
8 36 6.789593965981179
8 39 5.12427601442365
8 40 5.910551103843415
8 41 9.473183278988726
8 45 4.474923740206968
8 48 9.650715074415228
8 49 9.148155777604574
8 52 2.762120213103668
8 54 1.624251707876489
8 55 1.9070020123968399
8 56 1.1639964308639477
8 58 1.8499866468033557
8 62 7.147060960747211
8 66 1.6406978361420608
8 67 3.8707806726438516
8 68 8.60387779872509
8 69 1.209447421622433
8 70 8.330216343300421
8 71 3.5366929729605996
8 72 2.0634834485949063
8 73 7.270634488277356
8 74 6.660485621018956
9 10 8.897248121743477
9 11 7.615639394234972
9 14 8.231328373463636
9 15 3.538311153141758
9 17 2.5969558940175053
9 21 7.755532764767725
9 23 8.261512653405376
9 24 9.91454627800606
9 25 4.713559092202838
9 26 4.348162772135049
9 27 7.987716646677971
9 29 4.06723186227716
9 31 9.376815930432082
9 33 8.725714766587107
9 34 4.860946246375165
9 35 7.757839610123476
9 36 7.7908858667621415
9 37 1.9281148195233935
9 38 9.1229761601161
9 40 5.547271352030714
9 41 8.438117194969674
9 42 3.880446409275506
9 43 9.059709056465804
9 47 4.502815108607468
9 48 1.0975388633226852
9 49 9.148437787773373
9 51 1.821580091075202
9 52 3.873822738313734
9 53 9.550557703457244
9 56 9.555464322438006
9 57 6.160940993109575
9 58 6.686534909528193
9 61 5.036009697804878
9 63 3.638896945282581
9 65 3.957980908329244
9 66 7.052666104693346
9 68 7.77137076493912
9 69 8.124211393532637
9 71 8.106563285150985
10 11 1.8208549274382133
10 12 5.449782742323233
10 14 1.5180288401497986
10 15 5.94575994091362
10 16 4.973774512360393
10 17 8.989337644824698
10 19 4.158235112968708
10 20 2.053603147848453
10 23 2.2869251384755227
10 24 7.85359568545725
10 25 6.56396256984635
10 26 1.9101040851051123
10 27 1.756961255034977
10 28 7.30872218313208
10 32 1.6548670572777417
10 33 8.396740533613206
10 34 7.3561800444084655
10 35 1.7321390257770979
10 36 1.7635394267667273
10 37 9.87975620651058
10 38 4.368437161805083
10 40 4.335779323602019
10 43 8.315196105317522
10 44 9.525237196454729
10 45 9.874009574405838
10 46 7.780403667330475
10 47 4.386336269778242
10 49 1.7515064502880189
10 50 7.994322243346931
10 51 6.025638247622245
10 55 4.817998083222786
10 56 9.157189465852625
10 58 2.000777340755362
10 61 5.433625938617732
10 67 1.1021828029067717
10 68 5.217945777947136
10 69 1.5067294811365362
10 73 2.0693612464126474
10 74 2.057736220993944
11 13 6.842892719044572
11 14 7.71440391338881
11 15 6.250318885874437
11 17 9.659552936270877
11 18 4.373835215713337
11 19 3.571408776536747
11 20 8.817392153705143
11 21 3.0123625466750736
11 24 9.669002854965502
11 25 1.109390272208347
11 28 9.728909440368751
11 29 1.388439207555185
11 30 9.02028802328264
11 31 5.749309981776698
11 32 9.936683165073703
11 33 1.6641690826185898
11 34 5.984688559611887
11 35 9.72372282057189
11 40 5.707880597531339
11 41 6.664587743217362
11 42 7.261738200861554
11 43 5.090869582909959
11 45 6.648022720756571
11 48 6.258828807307902
11 50 9.110422094418901
11 52 1.409017423073121
11 53 3.528668706330073
11 54 9.553703356689029
11 55 9.012374055018247
11 56 5.100910775071417
11 58 6.581193380213831
11 61 3.496430646830194
11 62 2.6930904375138516
11 63 5.173285644459839
11 65 4.180170052234475
11 66 6.252905006657849
11 67 1.6996117326848634
11 68 9.769553268995498
11 69 9.875896700316426
11 70 7.2834554261777065
11 71 5.824867297097083
11 73 3.78574854657695
12 16 8.324155177362538
12 17 7.162580552984913
12 20 2.463552454104022
12 21 9.198344660444583
12 23 8.402835186308522
12 24 9.548199219627316
12 25 7.531475575495239
12 26 6.520736763422109
12 27 4.76418732661557
12 29 9.39455635018612
12 30 8.794575005503674
12 31 1.4069680309557047
12 34 1.2373027704752682
12 35 4.388170301902447
12 38 8.294979977036496
12 39 9.8854851638345
12 40 2.3537520199317536
12 42 6.347176438169216
12 43 4.428017709679194
12 46 9.72922958033143
12 47 8.579070308221379
12 48 8.54495834240024
12 51 5.218238438154732
12 52 4.733375521038987
12 53 3.4606636473763563
12 56 1.507379469858344
12 59 8.782501386295479
12 61 8.316109082170698
12 62 9.997459059575176
12 63 9.969731533665149
12 65 5.998885350423647
12 66 7.9208867366245945
12 68 9.502891568941852
12 70 8.646826516096702
12 72 3.226132915688779
12 73 5.054897217790842
12 74 2.162434736363455
13 14 9.586459245328502
13 15 6.455571710057921
13 16 3.0577852495311646
13 17 7.045306159652711
13 18 6.5631541641210625
13 19 4.223464462295564
13 26 2.022018329796661
13 28 7.044158760335196
13 29 5.68276930813414
13 31 7.950865525620754
13 33 5.68147151000794
13 36 8.669633502866862
13 38 5.9671615489703695
13 39 6.0484417438184765
13 40 8.889882423925105
13 41 4.631345795911574
13 43 2.2061370560557667
13 45 1.2590440868200508
13 46 7.796235301062571
13 47 6.582785962181182
13 48 7.336717912893012
13 50 2.9166774535801965
13 51 2.2273432802809277
13 53 1.1309019910109375
13 54 4.155288029259372
13 55 6.309259181691698
13 56 4.530196405897591
13 59 4.937274298213562
13 60 9.137428250443735
13 61 4.134299203209704
13 62 5.625905402438297
13 64 8.052877114670288
13 65 4.568885040891431
13 67 6.598780302050861
13 69 8.761273378720706
13 70 9.54568561291878
13 71 2.323661328361341
13 73 9.339288626453449
14 15 5.429046637715844
14 16 3.324199494690625
14 18 5.132221806144352
14 19 9.820293177569294
14 20 5.4335628459358265
14 21 3.958764492587574
14 22 6.700607688850532
14 23 3.1613105690037377
14 26 1.6827699529779752
14 27 2.159917497195843
14 28 2.152412550619952
14 29 2.3671242416106493
14 31 2.2494445538446914
14 34 6.767872703228932
14 37 2.6369207595923037
14 40 4.111005549914768
14 41 9.071095689154106
14 43 5.265654762365851
14 44 7.008019646689244
14 45 2.5508788408146685
14 46 2.730601169278037
14 48 1.3678175463983098
14 49 2.520415567649481
14 50 3.5073130512876274
14 51 2.5930943584907213
14 55 1.7983228038135004
14 57 2.085722839905407
14 58 5.147008912294532
14 59 2.8570034656521326
14 61 4.278428749432679
14 65 5.530755437693712
14 67 7.213553457664288
14 68 1.3538092585698904
14 69 8.194693590181384
14 71 6.6511035054181695
14 73 1.7358312875398472
14 74 8.862207616960994
15 17 9.287851604786319
15 20 1.5497016386937736
15 21 3.4918988333248335
15 22 8.255811518137552
15 23 7.734337213452926
15 24 2.6606891742073957
15 27 2.8841439100303927
15 30 4.334248925122438
15 34 5.360706866719192
15 37 6.564292943772664
15 40 4.320222756127952
15 41 5.162812445198331
15 42 7.727238443203809
15 43 1.330148826015381
15 44 3.2719324990961867
15 45 7.420146272960972
15 47 9.056861539184794
15 49 5.6050969790409955
15 51 5.789021367387841
15 52 1.9645481020579845
15 53 5.026711301411092
15 55 5.793555398095209
15 57 3.1822345327125667
15 58 3.4231890785444286
15 59 4.395557467941604
15 62 1.1806407799995373
15 63 3.8987124902486046
15 70 2.9030320629689017
15 71 3.9474761696012317
15 73 2.077859186373261
15 74 9.014745526659055
16 17 6.342332081986438
16 18 7.111920872300407
16 19 8.102541147466045
16 20 5.485979790361515
16 21 1.7822825927868133
16 24 5.83395887636693
16 25 6.281570062187912
16 27 7.70895526765897
16 28 4.884935916067114
16 30 2.148222725160074
16 31 3.55398315218852
16 34 4.267740667587716
16 35 6.8132551719844106
16 36 6.137004742020207
16 37 4.204870533080616
16 38 9.878637239136816
16 39 6.451973374211985
16 40 3.1350411256239505
16 41 1.9160422535836337
16 42 2.375732252658988
16 45 3.213619555460573
16 46 2.446132359336001
16 48 2.679103216461752
16 49 3.565856518244624
16 51 2.560362357652793
16 52 9.070888821637826
16 55 1.7221037109547799
16 56 5.720602506132292
16 58 4.693571442906954
16 59 9.841407552177458
16 61 2.008350119512471
16 62 4.580700391411675
16 64 9.72523389947832
16 65 8.789564133045822
16 66 8.353648638543518
16 67 3.3211254434044584
16 68 2.5379882865105925
16 69 7.017788979319879
16 70 9.364383902148273
16 72 6.010866037125368
17 21 6.144514205229099
17 22 3.5198118429425573
17 23 7.925436398727432
17 24 2.6833937370177106
17 25 3.913113127638193
17 26 4.828927947547751
17 29 5.568493408160095
17 30 3.181687591735722
17 31 2.033531422652832
17 32 6.495580381974693
17 34 3.597674979162302
17 35 6.231143992803511
17 38 2.389264437467821
17 42 5.330260916693358
17 44 5.793304892964272
17 45 1.4664118314018422
17 49 4.029438503745285
17 50 2.209732092450768
17 51 1.5703747342549097
17 52 9.909642091509507
17 54 3.9011846047725065
17 55 8.288870012691714
17 58 3.2917658928738747
17 59 7.133524500015364
17 61 7.842050739007179
17 62 6.360748665470599
17 63 5.244185696951425
17 67 4.706568227325417
17 69 4.139814398886958
17 73 9.365762298230432
18 19 8.475574670089562
18 20 9.685242195998613
18 21 2.1186750113699024
18 24 7.577807276832798
18 26 9.44506411138934
18 29 2.6310975954909415
18 30 1.5984664063009975
18 31 7.670085843610531
18 34 6.170258018619207
18 37 8.576458990824449
18 38 2.2579513896366055
18 39 8.15740580673901
18 40 2.8146458804297008
18 41 2.4729034857913406
18 42 2.4783921813789362
18 43 8.33117248208244
18 44 6.986774986265801
18 45 5.707588822922074
18 47 4.229474357111522
18 48 8.894804867317974
18 50 4.532005966803719
18 51 8.349394955244193
18 52 4.952214177131966
18 53 4.392499864824169
18 54 5.164118071026458
18 56 3.7124008674772786
18 57 7.72848442158626
18 58 5.5244835108323125
18 59 3.0899142563213555
18 60 9.096171159471115
18 64 4.455020992358903
18 65 5.891975750025898
18 68 9.158248998680923
18 69 6.618141963225929
18 71 2.0520823663752767
18 72 9.458489112521276
18 74 6.6493724776427605
18 81 4.014150531913775
19 21 2.2534486539704854
19 22 8.146226703432664
19 23 6.580654803356621
19 24 5.801149827786894
19 28 9.045033247458619
19 31 8.097374901020777
19 32 2.365073917594761
19 33 3.805498610159934
19 36 3.236402258330192
19 37 7.695516633154092
19 38 1.3017919126220145
19 41 6.129007163841849
19 42 7.862128171666215
19 43 8.890890730855745
19 45 4.078735738443167
19 46 8.391315742048116
19 47 1.995685632596865
19 50 8.618070625610663
19 51 2.147397960987842
19 52 4.575585615043305
19 53 8.175658292015981
19 55 2.349256846138964
19 56 3.0632625570937733
19 58 7.500273115537596
19 59 7.480328828914669
19 60 6.770328695967676
19 62 7.2455360002039
19 63 5.884519990128366
19 64 3.266191530162575
19 67 4.111263941535275
19 68 2.634379451212831
19 69 9.176055052002654
19 70 6.250526152895084
19 71 4.607662750872759
19 72 5.1580522327971945
19 73 9.525550056506338
19 74 2.380162628044722
20 21 6.276068488151175
20 22 5.5529981099601935
20 23 6.503088118911831
20 24 1.1629916543875645
20 25 8.849115180497364
20 27 9.38906454235251
20 29 6.086198652302881
20 30 7.26985741489203
20 32 9.302494430595662
20 34 7.3651477088205874
20 35 2.3728513862283522
20 36 6.186595241501319
20 37 6.460435417445703
20 41 4.817176041721474
20 43 7.627998120622506
20 47 9.409303132921133
20 51 9.330116616160987
20 52 5.057554342637189
20 53 2.019142412566797
20 54 9.863570790661012
20 55 8.550082778013408
20 57 2.1219641308294017
20 58 9.28757694355635
20 59 8.829067258559155
20 61 5.669542514134649
20 62 6.321478921704363
20 64 4.591024334831173
20 65 1.492854749398282
20 66 4.016775174813109
20 67 8.225681037382103
20 68 1.0416882070414257
20 70 4.001492545220298
20 71 4.58351824231849
20 72 5.836560426441306
20 73 9.278700547714845
20 74 4.1171139492936515
21 23 4.122578817066049
21 24 7.637511232987736
21 26 5.069961468008264
21 27 3.021443406459838
21 30 5.07195564519424
21 31 2.2677131834181985
21 33 2.58748287855601
21 34 5.4853099546553175
21 35 4.770329045540931
21 37 9.2336131096129
21 39 4.261545092049698
21 40 6.225295152502391
21 41 6.690378591275773
21 42 1.1178501092950026
21 44 6.971836348150395
21 46 2.6023237018277627
21 50 9.649632857225097
21 53 2.3379645497780164
21 56 4.731617113543214
21 59 1.7681470127077947
21 60 9.971868266613527
21 62 5.519755092981184
21 65 6.358465155880394
21 72 1.6036882964958474
21 74 7.7496442335926
22 23 2.889150337860272
22 25 9.082488604966423
22 26 2.8462567643380643
22 28 2.716189485972999
22 30 1.328947010632854
22 31 5.248602505989993
22 32 6.083570199363548
22 33 1.5913777548551713
22 34 7.9797485502550956
22 35 5.079599512732249
22 36 5.7195124239482205
22 37 4.966864722444053
22 39 4.606867547877934
22 45 6.036762981773961
22 46 2.3971622133764123
22 47 2.63735317445744
22 48 8.756070589121656
22 52 9.515039159202695
22 54 4.359783846517777
22 55 3.436702058291984
22 58 6.795995889151142
22 59 4.678607539882868
22 60 1.2284772009431038
22 62 2.4053733762957132
22 63 7.443750059626578
22 64 6.930315477191362
22 65 1.2438639325313514
22 67 2.997749457396545
22 68 3.0796731692926427
22 69 7.047034692388555
22 73 1.1773948397892773
23 24 1.9369772378611647
23 25 8.199244768358703
23 26 2.6069019584890025
23 27 6.874714970666872
23 28 3.1436450294205387
23 31 1.8949725348341064
23 32 3.1885497189950867
23 33 7.500402386700932
23 34 8.701268212956572
23 35 8.471978781102925
23 37 4.5746517665660935
23 39 7.012766229135815
23 40 2.844858658742389
23 45 3.6383295723491194
23 46 9.067022366690077
23 47 1.1170173115966242
23 50 1.7695767776902127
23 52 2.870976296314246
23 53 1.2387898348643773
23 55 2.632918915808176
23 56 6.247374048727229
23 57 4.792820955332481
23 59 9.034045399692774
23 61 8.356992055645968
23 62 4.076356165280884
23 63 3.3348109008816325
23 64 4.417231673505402
23 65 6.31265448263327
23 67 3.4125727674058863
23 68 6.617340170642207
23 71 4.684704869721164
23 72 5.968424627667822
23 73 4.92513876221785
24 25 3.650191835877259
24 28 9.53607976265941
24 29 7.872452147437848
24 30 2.261018581898073
24 31 8.816211783081215
24 32 5.386880784245623
24 33 9.050970042046822
24 34 8.198697303525837
24 35 4.8269215402231005
24 36 1.2022237748810567
24 38 3.4180962344645147
24 39 5.874707931947802
24 40 6.701303978435325
24 41 3.3209891688988207
24 42 2.254204666655417
24 43 8.514372131193692
24 44 9.85961962633197
24 46 5.731211640724172
24 48 2.5451135726347314
24 49 3.4507659386743206
24 51 1.1655160889272005
24 52 9.228689259044492
24 53 2.05975974601127
24 57 6.188648279628282
24 60 3.466496986184854
24 61 5.9876020226421405
24 62 6.862783495166778
24 64 8.467676233364815
24 65 2.8577914458454288
24 67 1.0989624579263242
24 68 2.2319706706192655
24 70 9.100167776632945
24 71 8.865010698062637
24 72 6.376717919532775
24 74 6.40465174390288
25 26 6.9853300709163
25 27 2.5783415076110465
25 28 9.229707513324637
25 31 4.768934724028658
25 32 4.448246754245477
25 33 5.670259347545538
25 34 1.4226937009754954
25 36 2.4965503188047147
25 39 7.642302547837334
25 40 1.7451880113261382
25 41 6.428368985197494
25 43 3.2081419871318886
25 46 4.503660526377789
25 47 3.598243630936299
25 48 4.201054448184542
25 49 7.471413146658209
25 51 3.6740954406085753
25 56 6.097641762672074
25 57 5.284453619791897
25 58 6.973040488263833
25 60 9.431467653922821
25 62 7.593148874892252
25 63 2.934463407316811
25 64 1.2806482155515622
25 66 3.360376398698426
25 67 6.355701376302293
25 69 1.462832321358253
25 70 5.467296224811127
25 71 6.371585640252003
25 74 4.008195017352648
26 28 7.938209833712397
26 29 1.9593842782039461
26 31 1.6762400356222789
26 34 7.55369880583243
26 35 5.459421845855786
26 37 7.195621567849624
26 39 4.913446047433716
26 40 3.2176182991519613
26 41 8.371920859067798
26 43 8.194742910720812
26 45 7.252268237689841
26 46 3.449306235069664
26 47 6.312076001821784
26 48 4.248765072460241
26 49 1.8242386599397074
26 51 9.255822179160186
26 53 2.2313676782706526
26 55 9.552136184387223
26 56 5.014051956621602
26 57 2.666196359547577
26 60 5.877108526405223
26 61 8.856512522887675
26 66 7.590023977686051
26 67 8.259050330753048
26 68 6.929050300396456
26 70 7.230489080660672
26 73 8.642760864087872
26 74 3.2470120797326736
27 29 5.404824672788264
27 32 2.99088497637642
27 33 9.889012071969823
27 37 9.49653405717952
27 38 1.354841302316553
27 40 7.350176552641196
27 45 9.327234856740992
27 46 2.6251781061460018
27 47 6.111507074973665
27 48 9.239394678292376
27 49 1.3055138072721895
27 50 7.276782405221559
27 52 3.676141066352957
27 53 9.319565758388773
27 54 9.73952420648831
27 56 9.498398402020905
27 57 5.267927949917174
27 61 8.758383858903821
27 63 8.600944586815633
27 64 3.871904259189301
27 65 8.460239267356096
27 67 1.3330687124394336
27 70 6.366428906338477
27 73 3.0700795355893273
27 74 2.0851019719955093
28 30 1.6925788146628824
28 31 7.266598982903258
28 32 4.058874673912595
28 35 7.522900943758853
28 36 1.5882070671904813
28 37 3.837613040475493
28 39 5.855421631378035
28 41 8.116508483550671
28 42 3.8687725263886295
28 43 6.633022387933082
28 44 8.973799734125684
28 46 6.542768693640741
28 52 3.096635272782704
28 53 1.2196070340088423
28 56 8.830889865108368
28 58 1.1914246976534844
28 59 8.872315054157795
28 61 5.760434206244907
28 63 9.451609286616065
28 64 8.189049121962988
28 66 9.981406994800038
28 67 4.156406339065391
28 69 7.904694600380142
28 71 4.617378222483179
28 74 5.318880582735179
29 32 6.64754916896533
29 35 8.863094027677048
29 36 9.856751222793656
29 37 7.914460724780664
29 38 4.759901039506004
29 40 4.792213020493632
29 43 7.638240714300023
29 44 3.148994311914721
29 45 1.994267018182552
29 46 4.191599418766989
29 47 3.5851509248867357
29 48 3.6667730841039106
29 49 3.1024697594491895
29 50 1.378838706727257
29 51 1.1608654126007243
29 53 9.889501507624283
29 55 4.849958203622761
29 58 4.4589398244371345
29 59 7.116825544237629
29 60 2.9642849907855773
29 62 9.549650655552028
29 63 8.07710512973997
29 64 1.8046990208103355
29 65 4.758226982064356
29 68 8.912064768059482
29 69 9.502588200622693
29 70 5.2066136012488275
29 71 6.520702502896369
29 72 2.503305514828677
29 73 9.92051763523279
29 74 3.0850453124509905
30 33 9.48458596721613
30 35 6.846819840931316
30 36 6.469631153909732
30 37 5.614196599148578
30 38 3.076028305459828
30 42 2.5887522880495744
30 43 2.9843758816315784
30 45 2.6779443592982908
30 46 8.01626026210078
30 48 4.151127332500571
30 50 1.5205840890705673
30 52 9.721923671267302
30 55 8.954072964670832
30 57 9.349770548756917
30 58 9.954170403817917
30 59 2.5650572429753855
30 61 4.566178170123929
30 62 7.824146281336822
30 63 7.26418556248413
30 64 2.3850631570586955
30 65 8.34249812491556
30 67 3.019965146529946
30 69 3.0143585334036076
30 71 5.832769806040722
30 72 6.336459413575328
30 73 6.220775870540301
30 74 1.8233815365797938
31 35 8.897147763673424
31 39 3.3904003832983545
31 40 2.1656342915452376
31 41 8.998732718820794
31 44 9.60086348406778
31 45 8.759148555389055
31 47 8.285644672523903
31 48 6.8971778257511955
31 49 5.957716335482254
31 50 1.7828808392026914
31 54 4.676078917636288
31 55 4.354196653110826
31 56 3.337784053842936
31 57 7.510781023197264
31 58 5.4628816157089375
31 59 1.7294159431688314
31 62 2.981648817548302
31 64 7.149328872936364
31 65 1.6851777354127018
31 66 8.660862226438919
31 67 5.4563187431257685
31 68 5.325279195939832
31 70 6.331670061935658
31 72 8.422128693326343
32 33 4.1302828711197375
32 34 7.102145373031572
32 35 6.09158767596212
32 37 3.403254431524792
32 39 8.907669877196422
32 40 8.176834194462353
32 41 6.926066511925829
32 43 8.655235561848176
32 44 8.805647808638222
32 53 7.3752667904353135
32 57 8.533119955273047
32 58 7.277243155023553
32 60 7.121266945842704
32 61 6.5675024039366585
32 62 7.774449756018771
32 63 2.427445947637663
32 64 8.927836832790355
32 67 8.846591749707088
32 68 1.2632255473110323
32 69 8.432350755082865
32 73 2.1598288072610066
33 34 4.016069688332277
33 37 7.69157430662447
33 38 2.4468390644347737
33 40 8.36170321707156
33 41 8.489207601619677
33 42 5.567209603847526
33 45 1.0574728454515023
33 47 3.583343198574215
33 48 6.55234226538168
33 49 9.830675602246812
33 51 6.686321743150016
33 52 3.338232229577438
33 53 6.706051327896502
33 54 5.8598684174427
33 59 8.018608556360292
33 63 1.9628257494426258
33 64 7.849251122518252
33 65 5.871399208084992
33 66 9.666928034730951
33 67 4.076849494348175
33 69 6.693597038205533
33 71 9.388252949590157
34 35 1.9225875519161133
34 37 9.43505638512806
34 39 7.19097150070732
34 40 1.610533531946547
34 41 3.708672102521346
34 43 7.373548797807534
34 44 1.6061554132189453
34 49 6.23953414158646
34 50 4.112947512576611
34 51 6.588239659907294
34 52 1.4116783043126158
34 54 8.843831255371386
34 55 9.761400722596573
34 56 9.719900697571223
34 57 7.746866485686322
34 58 2.170776161175688
34 61 7.824368763361203
34 64 1.2212822481292136
34 65 1.1991119637609753
34 66 3.912491972345871
34 68 5.397788713641992
34 69 7.933666760270139
34 70 7.149658389458547
34 72 5.013124357390735
34 73 3.462639996534993
34 74 9.9741205014194
35 36 4.835631720123756
35 37 5.062483218967079
35 38 2.4726143907250226
35 40 8.153285938749365
35 42 7.243140032033398
35 43 2.9869265150988435
35 44 1.7414294105425843
35 45 7.124493718672418
35 46 6.890600928530217
35 47 3.459335742983884
35 48 9.557772060253694
35 53 2.3595210260281023
35 57 4.891013209383417
35 58 9.49254328150839
35 60 4.7775458523351
35 61 6.74673352897677
35 63 4.578349581665148
35 64 3.4679368211380304
35 66 9.855798831638454
35 69 4.684006056835387
35 70 9.04689283311221
35 72 3.0695914530197754
35 74 2.9179423362257495
36 37 1.2802067459606024
36 38 6.865001428382966
36 39 4.316737093513851
36 40 8.779224248556734
36 42 5.258889160224014
36 45 9.713740851232496
36 46 2.6697296413280904
36 48 8.817608511600497
36 49 7.989371675125676
36 51 7.938296601796468
36 53 8.60304905305199
36 54 7.84921591848699
36 55 6.635982894682739
36 56 2.1812038991414884
36 57 1.2927356154212672
36 59 9.287630630341182
36 60 6.549852830686643
36 61 8.168835618785586
36 64 5.33370116361295
36 66 2.0557737006615504
36 67 2.126672129822954
36 68 7.170087585060743
36 70 4.872753054095164
36 71 2.8047225403030307
36 72 5.424350920672932
37 44 1.577880433676207
37 45 6.237742617229589
37 46 3.4209406399158793
37 48 8.178031905734693
37 49 3.793257630312164
37 51 5.09698134173621
37 52 1.1045848591729057
37 54 1.65202199015103
37 55 4.532442007660164
37 56 5.319449512454112
37 57 6.400184933073733
37 58 3.624963208383729
37 59 7.254836975138883
37 60 8.741101574702842
37 63 8.018658900040148
37 68 1.3565694281352143
37 69 5.32456252532046
37 72 1.9443716057635738
38 41 3.178405142762747
38 42 9.879963339404318
38 43 2.282459886113619
38 45 5.489993381062204
38 46 6.563401608863072
38 47 7.322184734896935
38 48 6.036838151382227
38 50 1.087937626772653
38 52 3.938151774195927
38 55 5.6594047904624025
38 56 1.7907984923035003
38 57 4.155642380882627
38 58 1.298827979122299
38 59 1.7072064743951867
38 60 4.5723094858143645
38 62 2.194441786387543
38 65 6.107867634354023
38 66 7.2051847222353915
38 68 8.205280291981746
38 70 2.8013521982032907
38 71 2.507343240331628
38 73 1.9411105630096022
38 74 6.72787224589273
39 41 7.35828153838211
39 42 1.2842753034307783
39 43 9.42591021619321
39 44 1.4677415528632518
39 45 5.871667017709634
39 46 7.381544675058247
39 47 8.83872211371477
39 48 7.4267823891918505
39 49 8.215552747628127
39 50 4.0550517328852544
39 51 8.33342602371861
39 53 1.7210336174620764
39 56 9.05334990454475
39 59 5.928331385383626
39 62 8.355679929662443
39 64 5.070864560664702
39 67 6.792199256768725
39 73 5.737623948425019
39 74 7.584305695797987
40 41 1.7346698382753063
40 42 1.5431687559150742
40 43 3.223929106091318
40 45 2.435902121018695
40 47 8.846052099329814
40 48 2.9729258862223986
40 49 9.782787302372181
40 51 4.032062125939961
40 52 2.6390612411982937
40 53 8.107286564282312
40 54 6.928369979507885
40 56 5.483761448078251
40 57 5.998271958438681
40 58 7.472816004450374
40 59 3.0560926719816885
40 60 9.967005244510677
40 63 9.773138459321048
40 64 6.852931177122432
40 65 2.7958820583623063
40 66 7.122054181881622
40 68 1.6497856808125826
40 69 1.2758725198522547
40 70 3.3191459966009234
40 72 5.163606610653847
41 43 8.814452548675424
41 45 7.544521627896772
41 46 7.684358690799829
41 47 4.829440010032679
41 48 4.113414932922666
41 50 4.339348866861425
41 51 9.88884607362452
41 52 1.3609827227123423
41 53 8.803283465102037
41 54 6.208078677151541
41 55 4.947538772706315
41 56 7.527318943736229
41 57 5.380020472822325
41 58 8.860809142734945
41 59 9.106316776101327
41 60 4.795488341861098
41 62 3.4914501751154643
41 64 6.33115295734026
41 65 9.211270110550219
41 66 2.895959701050999
41 67 6.606699252071345
41 71 6.684041980832685
41 72 7.5980172017375285
41 73 2.1841091661453382
42 44 7.442424682138797
42 45 9.181292685990769
42 46 2.6171479798321777
42 48 3.1378899243148988
42 51 9.742555846374756
42 53 2.628792574385408
42 56 8.689465840326212
42 57 5.430500708032313
42 58 3.2250796696285935
42 61 8.836749111452603
42 62 5.007747295023989
42 63 5.633356185367211
42 64 4.233100324597891
42 65 6.3365576629143465
42 66 2.4717148532652047
42 69 4.519733829865846
42 70 9.724710901017588
42 71 3.3232008943101476
42 72 6.910629980871629
42 74 3.926710578022254
43 48 7.961258131179406
43 49 2.177862946465148
43 51 9.728389405706903
43 54 5.084105872452753
43 55 3.1244541701181756
43 57 1.6614707259701138
43 58 2.5278211457878665
43 60 5.677965537004159
43 64 4.033028587881576
43 65 8.459950292943486
43 67 4.877987712956253
43 69 3.238428453288669
43 70 6.554304879436271
43 71 7.360994951969012
43 73 2.5033771711085486
43 74 2.508572946594859
44 45 1.3300428424018866
44 47 7.627618135590764
44 49 6.974240748596245
44 50 5.2716778817483245
44 51 8.597534040722774
44 52 8.251031376550479
44 53 6.26818927957077
44 54 8.814441524619328
44 58 2.8525708903309144
44 60 2.007276574579551
44 61 3.4277465036529065
44 62 1.5137817048038338
44 64 5.780525752009288
44 65 9.429451230654653
44 66 1.3540918660165868
44 67 2.098989226090241
44 69 5.069791254550918
44 71 9.404875157751144
44 72 3.8454049447907543
44 73 5.565113278195532
45 46 1.3741557314535289
45 48 2.3350888086587998
45 49 9.879671106629623
45 50 9.68606826792441
45 53 1.0444598284096864
45 55 9.566306068809151
45 56 6.752079440339504
45 57 8.811264650680199
45 59 5.092658700704732
45 60 5.640364257213252
45 62 5.399619222312282
45 63 7.001778317914939
45 64 2.256861292806816
45 65 1.2697623088541015
45 67 3.7713694743207182
45 68 7.342126864629821
45 70 2.816681069106535
45 71 7.060891899924256
46 48 9.729208414965434
46 50 1.8451064421047656
46 53 7.053419064026136
46 54 4.993751973741141
46 55 8.813280289397548
46 56 2.594348105026473
46 57 7.23363357003548
46 58 8.543037606832993
46 59 9.501527975266209
46 60 7.1492322546068126
46 62 5.474572876075846
46 64 6.560625161810925
46 67 8.820144860308464
46 69 6.1354877197494675
46 72 1.2734835372715319
46 73 9.3785382595628
46 74 7.20574075928405
47 50 7.088620471995219
47 51 2.9410763715794546
47 52 6.929969232093915
47 53 4.544779650887426
47 54 6.861096793373429
47 55 1.9593372727719165
47 56 6.920607741427324
47 59 9.994723531936
47 62 1.4339083497450043
47 64 9.794567657991855
47 65 4.662171646505835
47 66 8.836781053035333
47 68 8.04146935652446
47 70 6.10314634888001
47 72 7.646042883261939
47 73 8.906640051712131
47 74 4.637262894859297
48 49 3.943298454069148
48 50 7.0083404700722625
48 51 8.270613477471327
48 52 7.860566212989542
48 55 8.18032283972771
48 57 4.920249833316397
48 58 8.360507945575193
48 59 2.081881498335476
48 61 5.900401881647646
48 62 1.0518279444830942
48 63 3.9212724691024325
48 66 4.298153813842581
48 67 4.565554224483298
48 69 7.25920486020876
48 73 4.4970229114331115
48 74 5.038242603602776
49 50 3.1378971778689473
49 51 4.35926612466406
49 54 3.045426645368363
49 58 1.6587633139159927
49 59 6.431037340432401
49 62 7.013915186995146
49 63 6.575413114086531
49 66 5.171446394205152
49 67 4.418072021613068
49 68 8.770002846146427
49 70 5.671736066225963
49 71 5.312636898667579
50 51 1.2307785922579213
50 52 4.071230448635407
50 53 4.421760569072713
50 58 4.589405028072104
50 59 6.221551323045991
50 61 5.802422920541906
50 64 6.471145835141002
50 66 7.883949353879155
50 67 8.316871648444842
50 69 7.46310768603845
50 70 9.599713263594412
50 73 1.1640932440872547
50 74 2.7620018711519148
51 52 1.068065874803279
51 53 6.827272427391427
51 54 9.082274940549881
51 55 3.1913406691866935
51 56 9.34331090316676
51 57 1.5424065126060476
51 58 9.409924241249628
51 61 4.16460418515671
51 62 1.9127874560429485
51 63 5.372845832676931
51 64 3.3109891094845714
51 65 3.5638561176573056
51 67 3.765609684336579
51 68 8.22723308049397
51 70 5.85245149007729
51 71 3.8017692924040327
51 72 6.493004049798265
52 54 7.445356068008742
52 55 3.453616006601804
52 57 4.7219419137281635
52 58 2.096974840032528
52 60 2.630344145812123
52 61 7.130060685684845
52 62 2.6329451292606425
52 63 5.726470453003541
52 64 7.381416355501894
52 65 1.9618923078526946
52 68 6.105809976660132
52 69 3.309065053312274
52 70 9.666341877138219
53 54 5.351910820479323
53 55 8.253932947976423
53 56 5.952038879406356
53 57 1.3907127956933725
53 58 6.698362380346201
53 59 9.562630079859913
53 60 6.414506381316981
53 63 8.372699734841111
53 64 8.957858170135669
53 65 3.0527179475403923
53 68 2.90840355917404
53 69 6.498828899658926
53 70 4.699256228260342
53 71 8.558751725800484
54 55 9.1002081105821
54 56 4.180792413724463
54 58 3.1318350307703384
54 59 8.024729637194756
54 60 3.4732543199332246
54 63 8.403528866623105
54 64 4.813644282838865
54 67 7.0079490936232345
54 72 1.8598178245120136
54 74 6.614733922089157
55 56 5.065909108635062
55 57 6.279476168579267
55 58 2.5121278697037708
55 59 7.631863704497639
55 61 8.765173697889058
55 62 2.9506582008169806
55 63 1.8614309996814555
55 66 1.2127472744170276
55 67 6.777743503989394
55 69 6.463846324799027
55 70 5.92027671442663
55 71 3.087523865043779
56 57 4.518153963149632
56 58 6.350287016675558
56 59 5.470901729732525
56 60 9.890069681933985
56 62 2.227957773010598
56 63 7.256300986428344
56 64 4.638868912938629
56 66 4.853796534330533
56 67 7.458379890923586
56 68 7.231925361919327
56 71 9.921303943319694
56 72 2.155548605087127
57 59 1.936986844457497
57 60 7.51904935415867
57 62 6.205482253057681
57 67 3.4674459990382527
57 68 1.7147743209008794
57 69 1.770924246367875
57 70 9.047717871977065
57 72 2.726805922468686
57 73 3.9103440590396867
57 74 3.039907620042892
58 59 4.194966752487436
58 60 1.6248145847148403
58 61 5.671538118174434
58 63 1.6085130723299341
58 64 8.203208570401255
58 65 3.103408737193897
58 67 5.860107231440596
58 72 8.920711788053124
58 73 6.8578963214247475
58 74 5.796620078962018
59 60 3.9190037780383804
59 62 3.9970172175237813
59 63 7.025382596783711
59 65 9.947254250990508
59 68 6.9565527086444074
59 69 6.020050756330225
59 70 7.575854592153215
59 71 5.186850510553463
59 72 1.541281083407067
59 73 6.0606713429011885
60 62 9.618627560548422
60 64 2.577726481218937
60 68 7.210044017385991
60 72 2.8084031979315083
61 62 5.822449160257731
61 64 1.8700880468204766
61 66 5.053338426323666
61 67 7.805469960057215
61 68 4.128143718150839
61 69 6.984205520384962
61 70 8.159049647107562
61 71 9.344600375315075
61 74 3.111778736699082
62 63 4.593843242283773
62 65 2.371744119973757
62 66 9.932351519425376
62 67 9.343008711318658
62 68 5.859614172525037
62 69 8.578299649387791
62 70 5.6886217954483795
62 72 6.612271192024838
62 73 1.8021198890441497
62 74 7.797433784471272
63 64 2.1494213527171135
63 66 8.434608672272756
63 70 8.038252789033473
63 71 7.378702279686788
63 72 1.325443424722859
63 73 3.7281552035079573
63 74 3.368013129197586
64 65 4.241227667243672
64 66 1.7887847208745469
64 67 9.432620407279565
64 68 5.9842201664113865
64 69 3.749718795922212
64 70 4.5728336536685505
64 73 5.024822864543521
64 74 6.405349000245556
65 70 5.6411148492684795
65 71 9.274527758929755
65 72 5.472671346152472
65 73 9.929422133409814
65 74 8.662824619705862
66 70 2.8765946292160223
66 71 9.375356931795245
66 72 2.0472975809692846
66 74 8.357047376420724
67 68 4.4256096412892205
68 69 8.901768884005627
68 70 8.812510210967053
68 71 8.253328601058591
68 73 8.110273926763552
68 74 3.742112251882367
69 70 1.7282735474612696
69 71 4.626821608886453
69 73 2.561720634878578
70 71 7.254559800122156
70 72 4.11489753884007
70 73 9.780491807739233
70 74 6.768748696107988
71 72 8.40232507270925
72 73 2.192722054676636
73 74 8.758130340453603
75 76 9.30481471462055
75 77 5.3835572693704234
75 78 6.456276439758797
75 83 7.883288208126959
75 85 2.573547645343713
75 89 5.523094688170982
75 90 4.587967249950818
75 91 2.317365929460242
75 92 4.307809800623783
75 96 1.6135507844694421
75 97 1.232307162545383
75 98 2.2164966023934047
75 99 9.668036004302564
75 100 5.945765823055153
75 101 9.69239945037898
75 105 4.892480904971188
75 106 3.806345197767336
75 107 5.555276765562197
75 109 4.955605197696191
75 110 1.9509821583556952
75 111 6.767436832211856
75 113 2.9443436425863965
75 114 6.576291594080466
75 117 6.85180983158338
75 123 2.368223678157833
75 125 1.5521466439960134
75 127 8.026854274615959
75 129 5.138203813923882
75 134 1.523474159549282
75 135 9.953796854527905
75 138 1.5200250489672997
75 139 7.255317059726979
75 142 9.853110327370722
75 145 3.1526209379433308
75 146 2.2802443181847654
75 147 2.09246445480186
75 148 3.72947632810836
75 149 1.9094122990958202
76 77 7.229452075247187
76 80 1.5606261831705641
76 81 5.584799153348108
76 86 9.970271684676792
76 88 8.325732425554168
76 89 6.536974944079098
76 91 3.756282587079505
76 92 6.6150625266247465
76 93 5.743373175204865
76 94 4.834750455013343
76 95 2.1763933906617954
76 98 8.9794379371642
76 99 5.048061839391902
76 101 2.7516026063868857
76 103 4.309834157895606
76 104 4.727167772760343
76 108 8.447841060101869
76 111 7.6025294250526185
76 113 7.923744042772058
76 116 1.099281379857825
76 117 4.745385983617854
76 127 5.332097364717913
76 129 1.1727304914075103
76 131 3.3383188787053077
76 133 7.842608408099215
76 134 2.2339873515609914
76 135 5.817791183073325
76 137 2.9368168481551375
76 140 1.1090869717950396
76 141 3.1708131183958734
76 144 9.782863794190485
76 145 8.213834006946907
76 146 9.636189798889301
76 148 5.390686395337262
77 78 1.9876257880975317
77 80 5.931635400763237
77 81 5.089396011039648
77 84 8.599213744656543
77 85 1.8827432270582012
77 86 5.394170233196004
77 89 2.3504379822458583
77 90 3.9220833420105397
77 91 7.636213696490197
77 92 5.284163164318898
77 93 4.382994566311924
77 94 4.550286507130318
77 96 5.13502091565388
77 99 8.065148894533511
77 101 9.02876220046211
77 102 9.598012178535354
77 103 8.082130476297657
77 104 3.8386620617321148
77 106 7.193212354778879
77 108 4.938428116498527
77 112 3.2920355984144605
77 114 8.567844214833304
77 118 1.345837140660925
77 120 9.115857929218812
77 121 5.153297181622607
77 122 6.7348132912745236
77 123 6.934185299852045
77 127 9.056059666358827
77 129 6.730027139504866
77 131 6.525402262840556
77 132 1.5998683650462096
77 134 5.6656721975068365
77 135 2.3515210073533748
77 137 7.6369039184933705
77 138 5.60999728731407
77 144 7.12205001287518
77 145 1.3750561054214585
77 147 1.7631281444122289
77 149 7.4469104925641405
78 79 1.6487590239880603
78 80 1.6413105498873275
78 82 1.108976277113987
78 84 9.60851258469532
78 87 7.637575235131062
78 88 4.179262676518578
78 93 3.668820231588897
78 96 4.147329067712646
78 97 7.971881780630636
78 102 6.95233549963373
78 104 2.6667601108072114
78 105 2.5669840180067593
78 111 1.8855608474205758
78 114 6.942724477312043
78 115 7.8793539599956235
78 116 3.385417854925036
78 117 1.1885046492782152
78 118 1.739545007287846
78 123 9.710740313605275
78 126 3.659002997296782
78 127 7.923008330543203
78 132 6.621972119688374
78 133 4.437456756876063
78 137 2.851185359759996
78 138 2.092477763434658
78 139 6.5351167123498
78 141 7.971704025740092
78 142 6.795138281870176
78 146 5.772719199242425
78 148 1.3775610108847265
78 149 9.716398998349455
79 85 8.18842772489117
79 86 3.6353983303086825
79 88 9.819732964229656
79 89 6.416934306726899
79 94 6.241803923865218
79 95 7.732658614865789
79 96 8.305928092811238
79 97 6.9083074659835235
79 98 2.1528617172958002
79 100 4.044407553950485
79 101 9.352752762934447
79 102 3.0215405065946674
79 106 4.34950321453762
79 108 4.888691946497763
79 111 4.95464490725007
79 112 6.5164562424507295
79 114 9.487682539702368
79 115 3.1662344064925447
79 117 2.0935123867082623
79 120 2.777234408739436
79 124 8.982324101883425
79 125 6.812297313896854
79 127 3.573161103152441
79 128 8.343522450717554
79 132 8.752329967270924
79 135 8.618629048212503
79 137 9.27033880275599
79 138 3.270169181560254
79 139 7.795377358716505
79 141 5.14485547546726
79 142 8.577986976010553
79 143 7.5564160944545185
79 147 7.9880270184975215
79 148 6.905456539129643
79 149 2.596858925227362
80 81 5.905242270072445
80 82 9.862027655720574
80 84 9.43649259847407
80 85 1.388563622173105
80 88 2.483333341564934
80 89 2.1855589610910573
80 95 7.53381918986766
80 97 8.360067968712507
80 98 2.9216022967960473
80 99 5.552674236566461
80 100 8.5663272521008
80 101 7.595213902896255
80 102 5.880134849426635
80 104 6.313129214128956
80 105 5.57524492224652
80 106 3.677936061869385
80 110 6.085197935731145
80 113 7.199967718450816
80 118 8.859906242747268
80 120 6.726622185813232
80 125 7.850093833388422
80 126 2.4406447145911567
80 127 5.154017269778109
80 128 1.0839845784438396
80 130 3.220109780694607
80 135 7.5381554360170435
80 136 9.926289562144271
80 140 1.8926028962849433
80 144 4.613448842751595
80 145 8.200638718292435
80 146 2.8363207116600897
80 147 5.995764543720576
80 148 7.597641664267073
80 149 6.543869052341611
81 83 2.692222611538745
81 84 4.198461118171655
81 85 8.054126060368574
81 90 5.98803862718815
81 91 1.0470665218862147
81 92 7.848916840252844
81 95 1.3178021944621516
81 98 7.711604044581089
81 99 2.8223250414871366
81 100 9.622661321074421
81 102 4.31146676171876
81 104 3.942384547042712
81 105 2.339992452992002
81 106 3.750437939411934
81 107 8.889856856453804
81 108 9.967009038645227
81 110 4.314785774561635
81 114 5.037495678590883
81 116 7.498638443824634
81 117 8.97576202418567
81 118 6.337399007681057
81 119 4.523731283600464
81 120 4.713596567637614
81 121 7.260563318471262
81 126 1.0289643724385082
81 127 6.576304037138566
81 130 4.199437093972216
81 132 8.147775981493758
81 135 1.8369157584081894
81 136 6.2938204025355144
81 139 5.328756008975113
81 140 6.780929733147047
81 141 1.5836823503467152
81 145 6.219854086853181
81 149 6.053361291635714
82 83 6.045940849745539
82 85 6.431388999368093
82 88 7.08821143503726
82 89 8.244900997126928
82 91 3.428386481153929
82 93 8.425444691620559
82 97 5.484301140371082
82 98 1.6935245122089806
82 99 1.5269583631958128
82 100 4.008144868264547
82 101 8.064072794003208
82 103 7.369128412668242
82 104 8.09753468205166
82 105 5.655421507974484
82 113 4.961790981599415
82 116 2.3270727403565554
82 118 3.953734782483804
82 119 4.9061742955648775
82 123 1.797403867116555
82 124 2.985507574400901
82 127 6.384027646573649
82 128 7.620968028152708
82 131 9.985127602536547
82 132 9.39801998209202
82 134 6.783086795816724
82 135 4.791232479646649
82 136 6.725596282374094
82 139 8.070864562722088
82 140 2.065025718310486
82 141 4.689144007266594
82 143 8.558220570720554
82 146 4.4544965673973955
82 147 6.146850441044679
83 85 6.289924247759784
83 88 2.6602862782027543
83 89 4.260118974870595
83 91 4.01060159867739
83 92 1.235770376788583
83 96 1.217725875022197
83 97 8.485273393081961
83 98 3.457637289755312
83 99 5.662708896149339
83 102 3.6885301622989575
83 106 9.466113206038065
83 107 3.3336708297919637
83 108 4.866911314650416
83 112 8.854572254361416
83 114 8.577402101126278
83 119 2.674912760616496
83 122 8.223789788161394
83 123 5.123681980641034
83 125 5.346719848768197
83 130 2.201319751743494
83 131 1.7254136238141218
83 132 7.551453762763886
83 134 5.468150371197698
83 135 4.931656323536616
83 139 7.5655740578715704
83 141 7.889616090919988
83 142 2.430173509024182
83 144 6.492026345298772
83 145 2.2181867404991698
83 146 7.762375774261411
83 149 6.912596406404256
84 85 9.609531589751121
84 87 1.6206221472077906
84 90 1.5134924903612887
84 91 3.539683672238801
84 95 3.355351153623154
84 97 3.2228091916479986
84 98 9.15629122468933
84 100 3.245915798645555
84 102 3.447547535157679
84 106 7.8345843617616735
84 107 5.04765858205486
84 110 7.990395012596631
84 111 1.588295418079467
84 113 5.388140743060458
84 115 1.3025224016495436
84 117 1.5638788310981906
84 119 9.157937080099698
84 120 2.2532083400583565
84 121 5.791786140476954
84 122 4.699860423406359
84 125 4.126089936329584
84 126 9.098500111185452
84 130 1.1964105709794055
84 132 6.9741071755803015
84 133 9.670549907921954
84 134 6.041513651156578
84 136 9.431402158297827
84 137 1.470320913574214
84 138 4.769139871667452
84 139 3.3414201186584602
84 140 7.577388684826568
84 142 9.83167381447522
84 143 3.30877056199823
84 144 6.88757141326667
84 147 2.7828786948376614
85 87 6.087972291144489
85 88 5.175392380195026
85 89 9.748047966683833
85 92 6.476745454268199
85 93 4.145557348781369
85 94 2.0268620639914
85 96 2.361221458614411
85 99 3.0278523695611157
85 100 3.258699952062682
85 101 8.65554452057024
85 106 6.051005094542724
85 108 5.710518202369298
85 111 2.0329198468229572
85 115 8.741257240144915
85 116 7.5053287288763535
85 119 1.6090152571000143
85 120 7.370515875067918
85 121 5.8918439560838145
85 122 1.7355281117210044
85 127 5.124705773757908
85 130 5.362266584170423
85 133 2.4919708614694818
85 134 9.51128332300254
85 138 8.649778343325957
85 139 7.021201035961975
85 140 5.160660049005465
85 142 4.705889874260577
85 143 6.858761204358587
85 145 5.908886824662149
85 146 1.5604579529369706
85 149 5.612523838932985
86 88 8.257632555095554
86 89 5.133158898372622
86 90 1.4676091979884158
86 96 8.076503794456297
86 100 2.8122740392237695
86 105 3.327587513992349
86 108 2.482357180890663
86 110 3.971935583843478
86 113 7.810763551197716
86 114 5.674472735535436
86 115 2.843931467356413
86 116 8.900470703368367
86 117 8.916236694563763
86 118 8.835205825414063
86 119 3.1491659024338534
86 123 5.061154097628893
86 125 9.864906905267876
86 127 7.948112286789914
86 129 1.2445067910300383
86 133 1.5868413213444286
86 134 5.175382391310995
86 135 9.182981852754041
86 136 5.848316181574428
86 137 5.480312572308612
86 138 1.9492632996096753
86 139 6.911020942518647
86 142 8.39892844540203
86 144 4.423780067568061
86 146 7.980506658327947
86 148 9.680289885107305
87 88 2.833898132149202
87 89 5.709966680752672
87 91 3.58424162276118
87 92 8.135689771304554
87 94 6.198340292930418
87 95 6.711241757952734
87 96 8.181227436543047
87 98 4.563734253962094
87 99 9.23581061566339
87 100 5.797259805215259
87 101 2.421593405518132
87 102 7.263092063519222
87 103 8.13935215394429
87 107 3.85085509360774
87 113 8.714613312988778
87 114 9.155289292891897
87 120 3.4921403864002802
87 121 9.851693254436999
87 122 2.266403752438826
87 123 2.81814101562241
87 125 2.658023553142235
87 126 9.045907390070834
87 127 6.8886329709246565
87 130 2.3689385490004558
87 131 4.962910765315141
87 133 6.5376822256282185
87 138 1.7511767649044496
87 143 8.94174731566605
87 144 8.232431818973817
87 146 5.5468609621897444
87 148 9.704139537332534
88 92 4.759848813475897
88 93 9.85699287132848
88 94 7.011279989232643
88 99 6.712041459285473
88 100 2.493594057662065
88 102 8.937349824741796
88 110 4.847407191285536
88 118 2.460100652042314
88 122 1.1134676797818313
88 124 6.037801152745443
88 125 5.746596599104087
88 127 7.474182601322427
88 132 9.01232247716022
88 134 1.7146592617872658
88 135 7.583468413063261
88 138 2.68670749687824
88 141 8.723593478414475
88 142 8.371571624754905
88 143 5.867143794869899
88 145 7.392185187609804
88 146 3.8291510186537354
88 148 5.240511090395332
88 149 8.394732079394245
89 91 5.133386774558925
89 93 4.220184387928976
89 95 5.447912025252699
89 97 8.454243271934965
89 100 4.016872426337855
89 104 2.5638543382216943
89 105 7.408126182977027
89 107 8.433803914372735
89 108 1.9057373067118
89 110 3.1588670148035023
89 111 2.277747907848945
89 112 4.131472704239499
89 113 5.053158810148714
89 114 7.739437032669758
89 115 6.860328263935067
89 116 6.588357107305881
89 117 4.171374519486889
89 120 8.57302797776284
89 121 5.241584506583481
89 122 9.81194444213639
89 125 6.707279244661631
89 127 2.1363826740805245
89 131 7.085598058678906
89 132 3.925936138885291
89 133 7.1769447701748765
89 134 1.6267703334616517
89 135 2.5739329345836346
89 136 8.701635330152076
89 139 3.044616013211634
89 142 8.53337012718646
89 146 3.5134847960896938
89 147 6.785937190528369
89 148 7.247355161588479
90 93 5.613892778305477
90 94 3.7477960902705814
90 95 2.913799387339865
90 96 1.298704191061836
90 97 3.7355176111665145
90 98 6.878465114781547
90 99 9.444743366036343
90 100 8.840840340367468
90 101 7.8945829888177235
90 102 8.096026089279688
90 103 6.984864131283957
90 104 3.342581718094027
90 105 9.16475527635247
90 107 7.036590807152506
90 111 6.04396567882396
90 112 1.9989052229213295
90 113 5.023499894257829
90 114 5.143224440817336
90 116 8.78107248570403
90 117 5.919833981690096
90 119 4.423604940733687
90 121 9.791202956595933
90 123 1.9964853399368412
90 127 4.802935854807501
90 129 1.3782220765426476
90 131 7.659137086902373
90 132 9.262688969792356
90 133 3.5203359659544047
90 135 8.725075091192089
90 136 3.62996407415708
90 137 9.196931454795237
90 138 7.785657132371055
90 139 8.244160991572947
90 140 1.1620590004040905
90 143 9.665293213666233
90 145 7.540038928632909
90 146 3.7427598584751998
90 148 8.464551983729622
90 149 3.5336907857343696
91 92 8.85478455609515
91 93 2.013223513707433
91 95 7.333173797147162
91 96 5.866286289804193
91 97 1.8688102317589674
91 98 3.177044454329551
91 100 1.111636326495833
91 101 5.218911689180553
91 103 3.711387346840003
91 104 6.38521735867983
91 106 3.675140269377555
91 109 3.699272003562862
91 110 7.6887387885844305
91 113 1.4332855238051811
91 115 9.126054956727884
91 116 8.670374869520632
91 124 7.0102421490376585
91 127 6.338994130966459
91 128 9.03072248325687
91 129 2.66797161575843
91 130 1.7107224597174575
91 131 3.155591529185843
91 134 8.151204508301714
91 135 1.31203240053835
91 143 6.245261515751407
91 145 9.95893764572179
91 147 8.701264844537855
91 149 5.693011201392305
92 93 1.572768183579781
92 94 8.482361629471388
92 95 6.390806573594895
92 96 2.0343969735361016
92 98 1.844715563410206
92 100 9.186641374929332
92 101 7.022802366442706
92 103 8.4635811938508
92 104 8.910810102540406
92 105 6.1459511684349
92 107 5.657017165795372
92 109 4.873846692888912
92 110 3.8525192901200738
92 114 4.911363647728406
92 117 7.964916901571407
92 118 6.417310879136184
92 122 9.032709609593615
92 123 4.99042012941269
92 124 6.463806208468786
92 132 6.681767977827898
92 136 6.32527446075693
92 138 7.323703957769647
92 140 3.1369012153732565
92 142 5.611273997912116
92 144 1.938023225275129
92 149 4.460601948803313
93 94 5.38900361759138
93 95 6.870018335909252
93 96 9.55477947327583
93 99 6.405859598935203
93 100 7.692345245589038
93 101 5.556394535456825
93 102 6.706936282386982
93 103 1.638389945203961
93 105 3.289524227576623
93 106 4.256677838846248
93 108 5.252440195058622
93 109 1.4108387095214536
93 110 2.2602168779798593
93 111 3.491328770121752
93 114 9.743794218109455
93 115 3.9821230639274567
93 116 5.338369523008743
93 117 2.764879414645536
93 119 6.497020639681915
93 121 3.5261489396437686
93 122 2.8629332059458408
93 124 5.649153656013811
93 125 1.0495521924437874
93 126 1.0689762938430278
93 130 2.9716192819167198
93 132 1.3304922625073903
93 133 1.9722317871762223
93 136 4.049745844048765
93 139 8.223271116218315
93 140 6.148437790323707
93 141 5.614009533607748
93 142 3.6413994088730948
93 145 9.385783474895348
93 147 4.573135371134725
93 148 1.7838349011619434
94 96 6.5535986450602115
94 97 2.0245455412894127
94 101 4.107008285215229
94 103 5.56670744846028
94 104 8.868002722166583
94 106 5.441919223061068
94 109 7.3203288942849785
94 111 9.935351550991633
94 119 2.1834020790818345
94 120 3.4725837296756756
94 122 4.551184680378817
94 124 4.796453606849482
94 125 4.699189677389912
94 128 9.168499023008994
94 134 7.426293800201708
94 135 6.471146926816334
94 136 3.784354460765039
94 137 8.414113457991652
94 140 9.5955446033649
94 141 8.390784542952039
94 143 1.0140859467232561
94 145 6.727612331650663
94 147 1.4602184329789065
94 148 3.318464983003497
95 96 1.5357223031299452
95 97 6.43415907654449
95 98 7.179309221433461
95 107 2.030388742593146
95 108 4.454549947404815
95 110 5.106128580599878
95 111 4.321477195848249
95 112 2.0892250043667375
95 113 4.770530111687279
95 114 7.760602430275763
95 116 1.639068980799299
95 119 1.7216201267371312
95 121 4.192941626523858
95 124 9.475531404570326
95 125 7.017153820506227
95 127 7.108029610053083
95 129 4.257279917540785
95 132 6.342947120876846
95 135 1.0911806562496904
95 136 6.72486441768588
95 138 9.21958252818613
95 139 6.513161215103373
95 140 8.863287341197106
95 141 7.515757499194844
95 142 2.085025747633212
95 144 9.122079765572575
95 145 1.597994599201974
95 146 5.805707252929874
95 147 2.279234114141119
95 148 1.1053594965781366
96 97 4.798308341148751
96 98 3.6553663688874063
96 99 5.374004444178427
96 100 6.194798980610957
96 103 1.393651650780526
96 104 2.1070296561137107
96 106 6.027781568053828
96 109 4.088506178553924
96 110 7.562561387945032
96 111 6.8706248373274565
96 112 8.610439266909161
96 113 7.2324354400230275
96 114 4.869379696511333
96 115 7.056699601549892
96 121 3.4784305682987666
96 125 3.756821489003914
96 127 8.10086643928714
96 130 5.01777564761424
96 132 8.185423064665173
96 134 8.401801363014506
96 136 8.718061038951554
96 137 9.249717122570866
96 138 4.878866984619666
96 144 3.8698013648902494
96 147 6.2397887193470245
96 149 4.340551810938648
97 98 6.4096675012020965
97 100 7.350272763794422
97 106 7.195645166429232
97 108 4.370975983181092
97 110 2.501741815288775
97 111 4.874764046159868
97 112 2.283347296737179
97 113 9.010873316654274
97 114 4.112897146640717
97 117 2.390137725009914
97 118 1.229029839151758
97 119 6.8124014765783585
97 120 6.732120857092689
97 122 4.065437499231625
97 123 1.6454069996288592
97 129 4.686660054057088
97 130 3.800957455570542
97 131 7.094085757615084
97 132 6.452013245074213
97 136 4.28134355377786
97 137 2.961032988294911
97 140 9.892323695400327
97 141 5.086014590765034
97 142 7.194468122022133
97 143 2.264976708205247
97 145 5.37030729693458
97 147 1.2478304788251893
97 149 5.549096061194049
98 100 9.67615666405932
98 101 4.457860416872202
98 102 1.3509641131742043
98 103 1.2786021182740916
98 105 4.4918808395218255
98 106 2.4402244281687464
98 107 1.2101688669536732
98 108 7.805922525551591
98 109 5.126707079937016
98 110 3.603202947753891
98 111 9.100748647148327
98 113 2.0452506418047305
98 114 9.603269460597874
98 115 3.8257004563961754
98 116 8.995633050778132
98 120 6.426485888315154
98 121 8.440366237673388
98 122 9.856118468894179
98 123 3.5956489403687115
98 125 9.650219368668337
98 126 4.505337054121783
98 127 4.4696071426323005
98 128 4.063483938290551
98 129 5.872668466128267
98 130 2.387305388606384
98 131 5.983403368222101
98 132 5.875343311690036
98 134 7.85711631344383
98 135 8.50284965743827
98 136 4.963972152811817
98 137 3.7209992441634436
98 138 3.33401407585385
98 140 2.7516145303438475
98 144 1.5188282397912238
98 148 4.08203180951242
98 149 3.4322292291770493
99 103 9.697756472797666
99 104 6.019379436250396
99 105 4.125493351274568
99 108 6.224208408943264
99 112 2.2527703121112594
99 113 4.996393742819826
99 115 6.636108892789575
99 116 5.400080486132063
99 119 4.616009205888918
99 121 9.944635500097284
99 122 8.922832859340343
99 124 6.610653623434961
99 125 6.124396250640545
99 127 6.585944318421257
99 131 2.8118089704018994
99 132 4.5562396893788675
99 135 1.3551357960180939
99 139 5.27991433738144
99 142 5.887221255618969
99 143 3.0497476249288864
99 146 9.676259624489624
99 147 9.185091498435177
99 148 7.499289119103153
100 101 5.800479658888263
100 102 8.829722436829165
100 105 2.1758710944111663
100 106 8.114588148473965
100 108 2.1233873257016347
100 109 8.147895962944649
100 110 3.481908114262213
100 113 8.8938152291637
100 114 9.49637884442858
100 118 2.3391637246460406
100 120 5.164080445588541
100 125 9.828886403464166
100 127 5.35066692375832
100 130 8.771927702630906
100 135 6.298583699181878
100 136 4.377969171276417
100 138 3.5720519997328317
100 139 2.8290078197747857
100 140 7.856183722399275
100 141 4.478864561407251
100 143 5.60147915980676
100 144 5.430929320010637
100 145 6.195511263098181
101 102 8.79019431062097
101 107 9.826654092250864
101 108 4.668257877164352
101 111 8.447670298956726
101 112 7.8807501518924585
101 113 6.1617605631001595
101 115 9.604424292507398
101 119 2.804270639755625
101 120 1.9833778927865926
101 121 8.6856577025988
101 122 4.952348349703735
101 123 8.622719687863544
101 125 9.037811846758734
101 126 1.562118342571643
101 127 8.951182866874547
101 128 5.0348714983248
101 129 5.59389240103809
101 130 6.639332599838892
101 131 9.33744346057078
101 133 1.1720448498678762
101 134 5.291591214860354
101 136 7.189498381875046
101 137 7.5043626192840565
101 138 7.232791883833972
101 139 2.2099161646730967
101 140 3.694560295345131
101 148 4.228439728753122
102 103 8.239934869115544
102 106 3.508838851730977
102 109 2.8963446748048285
102 112 9.617032171342865
102 113 1.07976956602122
102 114 9.980387701137804
102 116 7.091391689716561
102 118 8.456223695042054
102 122 3.6515745671157385
102 123 1.1288374990035397
102 124 7.64082566705377
102 126 8.507301373006083
102 127 7.664285187581672
102 129 2.285652585707547
102 130 7.7808513003127215
102 132 7.920305038968769
102 133 6.926864641030494
102 134 7.895043395160275
102 137 8.613292957099588
102 140 6.522437028137126
102 142 1.7974424257271115
102 144 5.388650287004898
102 145 1.6988440120444457
102 146 4.667887279291877
102 147 4.663958402130649
103 107 1.5940885972621741
103 108 4.139384805725314
103 109 1.9989828891218335
103 110 8.274116890083
103 111 9.529192233680236
103 112 1.6508482773214475
103 113 9.596036865625313
103 116 5.703189394030707
103 118 3.696091101584865
103 120 1.6917586774854716
103 121 5.50561841263376
103 122 8.150639900416738
103 123 7.363778295400284
103 125 1.4520341031757638
103 127 1.6561165183111317
103 128 4.625859543693734
103 130 3.6576144464314897
103 132 3.0914589075044305
103 133 3.5290404901784225
103 134 8.23134468967196
103 135 9.363052482686685
103 136 4.645924250748098
103 138 9.154999019192473
103 146 3.8934613112309377
104 107 5.287932877094125
104 110 3.0342609803439977
104 116 6.7642843795825955
104 117 9.81083003657328
104 118 6.431437864390408
104 119 4.22032675702194
104 122 6.830357013914755
104 123 2.106286106188488
104 128 8.997931722388588
104 130 5.527755557018527
104 131 5.0441476783567785
104 134 6.272783096081673
104 136 6.623054765104622
104 144 1.6459822560386173
104 145 7.143554991010622
104 146 3.177385122839766
104 147 7.4255736925593085
104 149 8.40281314945777
105 106 8.235626567972684
105 107 5.972508706671002
105 114 5.68152903079676
105 116 2.2858836520547055
105 118 7.978115353628221
105 119 3.4426844240204293
105 120 5.470258805361519
105 124 3.5584668363476504
105 127 2.2044552669972384
105 131 6.666019272025629
105 132 1.4889883134061344
105 133 7.7378071071358
105 136 3.85828115735005
105 139 1.001212237040368
105 141 5.6001622531350685
105 144 1.4216671767484281
105 145 3.4855260203880953
105 147 7.362788387101445
105 148 1.5642065945967927
105 149 8.554046431204021
106 107 1.034379303927248
106 109 3.2214148228171204
106 110 7.668136505368643
106 111 3.846431347563761
106 112 1.9170314925941216
106 116 4.242105269203851
106 118 3.4335395774607296
106 124 8.584407119444993
106 126 3.8201312582662883
106 129 8.100392245984064
106 131 9.026849303296613
106 134 4.904356776188766
106 135 9.189488294689529
106 137 4.395862485668736
106 142 9.676705748410974
106 143 1.8036057207301563
107 108 7.183173398529185
107 110 5.444326364112358
107 114 4.488839249100824
107 116 6.694406908737408
107 118 7.334713824708981
107 119 1.0392694268527818
107 120 2.5025777987247886
107 121 7.417414455708868
107 124 6.997468722203858
107 126 9.694427546158096
107 128 7.849340112257047
107 131 9.556954369582042
107 134 7.322864513813263
107 137 3.6824698777549885
107 140 1.9482843002577082
107 141 8.03641477010442
107 147 6.797342993283243
107 148 1.433674111539666
107 149 4.240454193108805
108 109 9.611198339358575
108 112 5.503610311391811
108 113 4.894562224177342
108 114 5.119296446433646
108 115 2.8799445160464736
108 116 4.318364537783157
108 118 4.328319303884589
108 121 1.4711951816872517
108 122 7.908108656661264
108 123 4.7485398871349105
108 124 8.39961898134781
108 125 8.653132010079059
108 128 2.9079464922879223
108 129 6.916181339531157
108 130 5.250536237466836
108 134 8.921410641293367
108 136 2.941666112588087
108 137 7.100318802790398
108 138 6.469769100274503
108 141 3.6577132981464953
108 142 2.2294081328605535
108 143 6.8647578442954895
108 145 7.647377123190976
108 146 3.84064609387015
108 147 6.803493436200824
108 148 4.556178168503529
109 115 7.41886194954356
109 119 2.792937474046478
109 120 9.01193502372557
109 122 3.5866863681902177
109 125 4.310073889805376
109 126 1.522827568723148
109 127 2.0036099108914875
109 132 5.642757124410953
109 133 3.4083340905517434
109 135 8.51932203167975
109 137 1.1322404978945846
109 139 4.411846438047426
109 141 4.0361099209218345
109 143 1.1739486782584092
109 146 2.119315591004592
109 147 4.722784074267717
109 149 5.43578126002702
110 112 4.638607725293822
110 113 5.778439105708845
110 115 6.356185074151134
110 117 1.0893143901505207
110 120 5.176856435081535
110 121 9.671493167988295
110 122 5.671290521165939
110 123 7.097880407130579
110 124 3.8067747212519487
110 128 7.965922403374863
110 129 7.956293336885036
110 130 5.69166442888725
110 132 9.784124409512922
110 133 2.1299519328638805
110 134 1.152528984006229
110 136 7.931423905813864
110 139 8.264399836283943
110 141 2.0818650620851864
110 143 3.390245496627455
110 149 1.1579712702996603
111 112 3.639777497025082
111 113 7.958276865268044
111 117 5.6616447494132105
111 118 4.132860338514593
111 119 4.345653654156973
111 120 1.0121826314392135
111 123 3.698204748087123
111 126 6.8181286747413745
111 129 9.767749994347215
111 130 8.623547442855095
111 131 1.2123546818097621
111 133 9.087045442073554
111 136 8.048785719687633
111 137 8.023385112138824
111 138 5.121961831032143
111 139 4.582047636590525
111 144 3.7262415594987335
111 145 1.591253730589292
111 146 3.0541182714432917
111 149 3.2194327148022217
112 116 5.356693627391814
112 117 7.726999659370246
112 118 5.26428845558152
112 119 1.5206000450244455
112 120 9.620108208893836
112 121 9.48451887184701
112 124 8.066705888335676
112 126 9.921951114077984
112 127 5.900340995202367
112 128 9.664915152278855
112 129 1.680445365550757
112 130 4.291126734352342
112 131 3.0284314120608924
112 132 2.7624977572084304
112 133 2.267226540034085
112 134 6.60172277409397
112 136 8.031896701725746
112 137 6.204685594783246
112 138 2.322664386293887
112 139 8.300113929401238
112 140 6.723592364473556
112 141 4.493491355142959
112 143 7.067172659824567
112 145 3.3391448131854955
112 146 4.106729876447894
112 149 9.257372588187913
113 116 3.6145405510427837
113 120 5.229894413421429
113 121 9.011270236564132
113 124 7.369492152407747
113 128 1.5598290354823248
113 130 2.325727398510733
113 132 1.0705743169472512
113 134 6.678296112062471
113 135 5.029060828693765
113 138 2.2084736581204796
113 141 9.621407089510933
113 143 5.766937515510579
113 146 3.1770396470160027
113 147 5.505432140392368
113 149 7.11658299461597
114 115 1.6861529617620803
114 119 3.472334335431028
114 121 8.262689417955944
114 123 5.136983833623951
114 125 5.919194278290654
114 127 4.895344019885224
114 130 1.395099483787046
114 131 2.4917480183814034
114 135 5.009874748677018
114 138 2.8826691886713505
114 139 1.4498112579371085
114 140 8.592846976466413
114 141 9.830732762477043
114 142 8.138285865970655
114 144 8.684064295342004
114 149 3.1777941728534085
115 117 9.645642779618798
115 118 2.7723313400808554
115 123 9.562868293256491
115 125 9.95337364569356
115 130 7.405505251714438
115 131 9.830293586126396
115 132 6.125858016103933
115 134 3.335876048584813
115 135 4.932962970990587
115 136 6.342048418409074
115 137 1.6577340582431348
115 140 6.601089381555215
115 143 9.83060053086065
115 146 2.7109688480535485
115 148 8.13335604659545
115 149 9.171089144016575
116 117 9.493314335381987
116 119 9.641220439649025
116 122 5.693136748493248
116 125 9.795771171923533
116 127 7.81579186420995
116 129 2.455042926132657
116 131 5.29210095821173
116 135 7.464980578348036
116 137 3.22606284237175
116 139 6.765536651939986
116 143 6.999404311419573
116 144 2.464297694277093
116 145 6.085767812074806
116 148 7.944642198807469
117 120 5.490060980823477
117 121 1.1089280509849668
117 130 1.0813462217136296
117 132 4.21326409573011
117 133 9.335746615886038
117 135 3.058091016432479
117 137 6.709273199845184
117 138 2.998682836239885
117 139 3.8950299069359375
117 140 8.632378806413357
117 141 7.559752980429522
117 143 1.8585934958188957
117 144 4.858318188877902
117 146 1.26252787280738
117 148 5.328011319427081
118 119 6.9619061053096125
118 121 2.066523612383364
118 124 3.5999644501824912
118 129 4.580529629519413
118 130 9.275779221904447
118 131 9.939295138806676
118 135 1.4042016909605426
118 138 7.849071311458529
118 140 4.3455165976210886
118 142 4.5321236760653205
118 143 7.788384760123204
118 144 9.265837889308678
118 145 9.558357350522936
118 147 6.194103274344887
119 121 4.214090433704525
119 126 8.087941772729014
119 127 3.2590124493607022
119 128 6.07666625950166
119 129 4.227206153723858
119 131 6.909679663370885
119 132 3.163590216041562
119 133 2.7243365116134317
119 135 9.264151780078933
119 137 1.916233146545832
119 140 5.5536211696143845
119 141 2.9876750466670803
119 142 1.350369669931007
119 145 1.3241693646228376
119 146 2.576995948952446
119 147 8.800933190554002
119 149 3.54230869579324
120 121 9.554132535177661
120 122 6.234600636902742
120 125 4.929527707918895
120 126 6.220799512025091
120 128 5.65028546703641
120 132 7.828986283815927
120 136 3.5424645937556702
120 138 4.177453524402722
120 140 9.046848722799256
120 142 9.518108618353649
120 143 9.033024047378271
120 144 4.775031945615822
120 145 8.023289527061936
120 146 5.287021599709889
120 147 5.477858669314919
120 148 2.8421209815155555
120 149 6.320172729326648
121 123 2.6752230797801313
121 125 3.984082291604744
121 127 8.695271814579417
121 128 2.863682282897697
121 131 1.6404245665608954
121 132 1.6210683335153466
121 133 9.46706068452797
121 136 5.562283941656512
121 138 4.684708646353165
121 140 8.297907229071265
121 141 8.522433351194644
121 142 3.9897192980404412
121 143 7.242562517264157
121 144 7.940105342666979
121 146 6.891856181793591
121 147 2.3643556732008943
122 124 8.882947751653514
122 125 5.851850974624078
122 126 3.542251837330033
122 127 4.827053668939245
122 129 1.3381398135901663
122 130 2.150801211001758
122 133 7.8899207546427474
122 135 1.0001047127982954
122 137 4.749092456340629
122 138 5.702591629770296
122 139 1.4917097800087507
122 143 9.757703466750996
122 144 3.0351279812470473
122 146 3.7377884767265277
122 148 3.735482610295246
123 126 3.073749959056149
123 130 1.0132643987768026
123 131 7.564103146791967
123 132 9.701609498193568
123 134 3.0186413495654056
123 137 6.967424726230802
123 138 7.677066942628436
123 139 8.635828411814723
123 144 4.803662773122483
123 147 3.726378150763863
124 126 3.92765620620728
124 127 7.413591997886615
124 130 8.351015198550725
124 134 2.6345257098094237
124 136 4.338469073419887
124 137 9.11746177074235
124 141 8.260241677252653
124 144 9.863725624862283
124 145 7.788234337138727
124 149 4.5387568092513
125 127 6.31574050595174
125 129 6.949128288225882
125 132 1.7061023468541157
125 133 5.900472631934786
125 136 7.383887456253486
125 137 2.505891736009543
125 141 8.025685456830015
125 143 6.253955024627005
125 144 9.569996071278352
125 145 1.3818006838620254
126 129 3.3879352379992027
126 132 6.413984913698417
126 133 3.669039209853376
126 138 7.42981747664118
126 139 7.831047542697379
126 140 1.9226436765982702
126 141 5.624690177860909
126 143 5.580015000319503
126 145 4.3235269319398695
126 147 9.396323763127048
126 149 8.44755687885899
127 129 7.274884437186731
127 130 7.428939721614978
127 134 5.1554452943180715
127 141 9.288950689869182
127 146 7.251358845279569
127 147 7.560829554902348
127 148 8.755218134086107
127 149 3.4666443040797192
128 130 8.263638134800328
128 133 2.7571654266084282
128 138 4.1080775702039904
128 139 4.020494088428585
128 140 9.806729215502266
128 142 8.708835013731342
128 144 7.310528754312338
128 145 7.5435108545385114
128 146 6.05865514962314
128 147 9.523816003976671
129 130 5.466328775941254
129 131 4.424659388829051
129 133 2.467318032384319
129 134 8.075850870349523
129 138 7.609995388680323
129 139 4.459195346717214
129 140 1.2267407256330642
129 142 8.550975949462096
129 143 1.1027618510866626
129 144 7.333298016661459
129 145 9.732313987534514
129 147 4.938951953333831
129 149 3.114760644963575
130 133 7.343839090390436
130 135 8.354153278140267
130 137 5.917872844700626
130 139 9.703317477305315
130 141 1.46501849492165
130 142 5.543160384740753
130 144 7.466085525902951
130 145 8.76376424034261
130 147 2.6133005071701105
130 148 8.200031335873133
130 149 5.974363681466907
131 132 4.568983137909669
131 135 2.185435257211842
131 136 8.787661830180213
131 137 2.415458873617438
131 138 3.7880907328818934
131 140 3.610409787661932
131 141 8.842726307717689
131 142 7.054326947880082
131 143 8.170132574722352
131 146 3.254211089132491
131 148 6.6238668964629905
132 134 6.145713848293738
132 138 8.495473391094439
132 140 9.154783544331345
132 141 1.1094109432964814
132 143 7.066179271529134
132 146 1.4665221920775613
132 147 5.939727985696203
132 148 3.588694561393104
132 149 3.760989395699271
133 136 4.176626531071209
133 138 6.591632041446491
133 139 4.006449691018923
133 143 7.594291455312524
133 145 4.640746470164827
133 147 1.6151788027896274
133 149 8.053838582356965
134 136 3.571824921334354
134 137 4.894901916393364
134 138 7.168994948997113
134 144 3.992105414338408
134 145 1.5092709053204407
134 148 4.365289423115322
134 149 9.50003724424873
135 137 6.775609575687024
135 138 7.043312338004863
135 140 6.690539382738758
135 141 2.7909292506349312
135 143 4.765004776920521
135 144 7.758458185269864
135 145 1.9123560779784323
135 147 3.5006749848074104
135 148 3.4868719761926825
135 149 4.888170348350554
136 137 9.823318668479665
136 138 1.6075229201543975
136 140 5.668308949425355
136 141 2.614282138109894
136 142 9.736088908687698
137 138 2.019731542547178
137 142 4.632409021254321
137 143 7.6409648635114555
137 148 7.340989852247008
138 141 4.8045577320453905
138 142 4.118717511574464
138 144 4.578511406975835
138 145 3.3784863684277537
138 147 2.847996448361198
138 148 5.34735727803001
138 149 3.416803804608466
139 140 3.587154984075251
139 146 6.910804571271013
139 147 9.71683598529903
139 148 6.432734805034376
140 141 1.6928152035846966
140 142 1.680252524686603
140 144 9.562808987610094
140 145 3.6756171127660027
140 147 1.828602874742279
140 149 6.391401284353434
141 142 6.612839004612395
141 144 6.836543381068194
141 145 3.4066182507178717
141 149 1.1359961579302753
142 144 9.685138325090247
143 144 3.2580374112199224
143 148 7.084236592472927
143 149 7.3596688289083865
144 145 6.490066753715372
144 146 3.816166547922834
144 147 3.439866283876592
144 149 6.379014544324328
145 147 8.794860702505224
145 149 9.52060356031056
146 149 1.9531522396338188
147 148 2.3934575133794787
