0 17 30 
0 2 4.370861069626263
0 3 9.556428757689245
0 4 7.587945476302646
0 5 6.387926357773329
1 2 2.4041677639819286
1 3 2.403950683025824
1 4 1.5227525095137953
2 3 8.795585311974417
2 5 6.41003510568888
3 12 7.372653200164409
4 5 1.185260448662222
5 8 9.72918866945795
6 8 8.491983767203795
6 10 2.9110519961044856
6 11 2.636424704863906
6 15 2.650640588680904
7 8 3.7381801866358395
7 9 5.72280788469014
7 10 4.887505167779041
7 11 3.6210622617823773
8 9 6.506676052501415
8 10 2.2554447458683766
9 10 3.629301836816963
9 11 4.297256589643226
10 11 5.104629857953324
12 13 8.066583652537123
12 14 2.7970640394252375
12 16 5.628109945722504
12 17 6.331731119758382
13 14 1.4180537144799796
13 16 6.467903667112945
13 17 2.5347171131856236
14 15 1.5854643368675156
14 16 9.539969835279999
15 16 9.690688297671034
15 17 8.275576133048151
