5 9 30 
0 1 5.026711301411092
0 2 5.793555398095209
0 4 3.1822345327125667
0 5 3.4231890785444286
1 2 4.395557467941604
1 4 1.1806407799995373
1 5 3.8987124902486046
2 5 2.9030320629689017
2 6 3.9474761696012317
3 5 2.077859186373261
3 6 9.014745526659055
3 14 6.342332081986438
5 6 7.111920872300407
7 9 8.102541147466045
7 10 5.485979790361515
7 11 1.7822825927868133
7 14 5.83395887636693
8 9 6.281570062187912
8 13 7.70895526765897
9 10 4.884935916067114
9 12 2.148222725160074
10 11 3.55398315218852
11 12 4.267740667587716
11 14 6.8132551719844106
