94 89 30 
0 10 4.370861069626263
0 1 9.556428757689245
1 11 7.587945476302646
1 2 6.387926357773329
2 12 2.4041677639819286
2 3 2.403950683025824
3 13 1.5227525095137953
3 4 8.795585311974417
4 14 6.41003510568888
4 5 7.372653200164409
5 15 1.185260448662222
5 6 9.72918866945795
6 16 8.491983767203795
6 7 2.9110519961044856
7 17 2.636424704863906
7 8 2.650640588680904
8 18 3.7381801866358395
8 9 5.72280788469014
9 19 4.887505167779041
10 20 3.6210622617823773
10 11 6.506676052501415
11 21 2.2554447458683766
11 12 3.629301836816963
12 22 4.297256589643226
12 13 5.104629857953324
13 23 8.066583652537123
13 14 2.7970640394252375
14 24 5.628109945722504
14 15 6.331731119758382
15 25 1.4180537144799796
15 16 6.467903667112945
16 26 2.5347171131856236
16 17 1.5854643368675156
17 27 9.539969835279999
17 18 9.690688297671034
18 28 8.275576133048151
18 19 3.741523922560336
19 29 1.8790490260574548
20 30 7.158097238609412
20 21 4.961372443656412
21 31 2.0983441136030097
21 22 5.456592191001432
22 32 1.3094966900369656
22 23 9.18388361870904
23 33 3.3290198344001523
23 24 6.962700559185838
24 34 3.8053996848046987
24 25 5.680612190600297
25 35 5.920392514089517
25 26 2.6636900997297435
26 36 9.726261649881026
26 27 7.976195410250031
27 37 9.455490474077703
27 28 9.053446153848839
28 38 6.381099809299767
28 29 9.296868115208051
29 39 1.7964325184672756
30 40 2.763845761772307
30 31 1.4070456001948426
31 41 3.927972976869379
31 32 4.498095607205338
32 42 3.442141285965063
32 33 8.458637582367365
33 43 4.210779940242304
33 34 3.5284105871864266
34 44 5.884264748424236
34 35 2.2683180247728636
35 45 8.219772826786357
35 36 1.6709557931179373
36 46 9.881982429404655
36 37 7.9502029236699165
37 47 2.7884411338075514
37 38 1.0496990541124216
38 48 8.339152856093508
38 39 7.361716094628554
39 49 7.561064512368886
40 50 7.941433120173512
40 41 1.6664018656068134
41 51 4.226191556898454
41 42 2.0428215357261674
42 52 8.767930832880342
42 43 6.609683141448022
43 53 3.9780822236738427
43 44 1.5720251525742128
44 54 3.79884089544096
44 45 3.9266498982407234
45 55 7.566455605042576
45 46 6.738017242196918
46 56 8.98491468318694
46 47 5.249934326457543
47 57 2.0763482134447155
47 48 7.419203085006955
48 58 7.847065437552077
48 49 6.051494778125466
49 59 7.938704619591049
50 60 5.444160367279517
50 51 5.704595464437946
51 61 4.847869165226946
51 52 1.2287721406968566
52 62 1.97102284293974
52 53 1.2828626711806081
53 63 6.727693701374023
53 54 3.82920382968694
54 64 5.577136220482325
54 55 9.168098265334837
55 65 3.2436300623398746
55 56 4.693446307320667
56 66 7.799960246887438
56 57 3.059183489424602
57 67 1.6928191884591368
57 58 3.6077630762239123
58 68 2.4509915852860398
58 59 9.367278871083158
59 69 8.273083416079754
60 70 6.700633808593811
60 61 8.84314531168946
61 71 8.23304869209203
61 62 2.6791305299743224
62 72 9.0330309864098
62 63 5.854080177240856
63 73 8.266961396476564
63 64 9.06482169931144
64 74 3.8620312747467747
64 65 1.9904673207490908
65 75 3.051416462877475
65 66 4.843970097636307
66 76 8.362132893302437
66 67 8.74657524930709
67 77 1.0625691747807164
67 68 5.596725723198092
68 78 4.7566990283390105
68 69 2.9989702942365724
69 79 2.0787883060031453
70 80 4.038536542632651
70 71 9.486187335212673
71 81 3.908826388186797
71 72 5.669115595690295
72 82 7.3271706300566
72 73 4.272666421413646
73 83 9.746038744488645
73 74 9.662025654479
74 84 3.2660406624282774
74 75 5.475236553031469
75 85 3.707904788350927
75 76 3.5635644493972087
76 86 1.3319825261907952
76 77 6.486079005819072
77 87 5.524111209059753
77 78 1.463308761249904
78 88 3.507818178129503
78 79 9.174392973699883
79 89 3.1560570160027517
80 90 2.304053848821008
80 81 5.405074842498067
81 91 9.870854086995406
81 82 3.178497443603504
82 92 7.049219926652907
82 83 7.854576537958458
83 93 3.1387378959315972
83 84 7.553947137506736
84 94 4.3100481944732785
84 85 6.690752475342215
85 95 6.7017673968480524
85 86 5.821972156672826
86 96 1.8126079304896747
86 87 8.51772246030314
87 97 3.8870205847456223
87 88 2.678666593598688
88 98 1.3669762739928752
88 89 6.318036488694176
89 99 7.098079256580542
90 91 1.1492904603507053
91 92 5.608837524693529
92 93 3.0384619767814414
93 94 6.806555113685048
94 95 2.569297861044923
95 96 7.218439642922194
96 97 4.480618116704837
97 98 9.43056989863061
98 99 2.2376884973139393
