26 166 30 
0 14 6.9517356605818
0 1 9.201305366508592
1 15 4.633809494305119
1 2 2.8697434571097133
2 16 6.838722435129888
2 3 8.84068341715286
3 17 7.734869210102417
3 4 8.818815074829285
4 18 5.828992039097194
4 5 7.766886199322718
5 19 2.2605810342304284
5 6 4.134471538268723
6 20 4.505942480333702
6 7 5.601661716214311
7 21 9.361687242311413
7 8 8.868669041999569
8 22 2.210729430602661
8 9 2.555106866942169
9 23 4.218764946300202
9 10 3.616694793016065
10 24 6.532938578406361
10 11 9.124984429880904
11 25 9.66062387505328
11 12 6.882426572817039
12 26 8.54343281260978
12 13 5.726819802077174
13 27 2.8749425217403575
14 28 5.722195708841296
14 15 5.99574341293886
15 29 7.682118077922009
15 16 2.978946907366142
16 30 4.314793438780585
16 17 4.276247222931097
17 31 9.634956361670485
17 18 4.99550464294047
18 32 7.795845705683318
18 19 7.7573024323699515
19 33 3.3898976632291724
19 20 6.146827204345589
20 34 9.048726039867834
20 21 5.276779475112545
21 35 9.506057566082914
21 22 2.930124063917454
22 36 1.6674319519662766
22 23 9.023084858302743
23 37 8.62913078165995
23 24 9.933308883404603
24 38 7.114541393011835
24 25 9.430191340004345
25 39 8.442541225756997
25 26 8.599836998080782
26 40 6.122274134088414
26 27 4.4412813812503975
27 41 9.411022652889537
28 42 4.88905458054305
28 29 5.8493743052470215
29 43 5.01502876412669
29 30 6.083364825641774
30 44 5.234545710930945
30 31 1.431708027215283
31 45 8.938433674069287
31 32 4.999544370241928
32 46 6.300492836566138
32 33 2.252690224821883
33 47 1.0304906318437523
33 34 3.2076108427927865
34 48 7.341274289200152
34 35 1.8927507710159075
35 49 9.17998696347821
35 36 2.9352031242056613
36 50 2.841342528625982
36 37 2.6335716545934598
37 51 1.1258354167422828
37 38 7.946249216304111
38 52 8.875310781207327
38 39 6.527464323545789
39 53 2.6937998351187606
39 40 3.567501972467918
40 54 5.28334027628467
40 41 9.589113564609708
41 55 3.2261623463596854
42 56 7.584813135278992
42 43 4.955034009636282
43 57 3.680626135240196
43 44 5.103243433199024
44 58 1.6408604578710928
44 45 8.188186338373262
45 59 3.189717351846704
45 46 7.528709108736734
46 60 1.6151353430337525
46 47 9.595887005491175
47 61 2.7371348686512875
47 48 8.944678685863725
48 62 8.28525888653891
48 49 9.710739316732743
49 63 5.301015948511747
49 50 7.546575644613564
50 64 4.3363959133400565
50 51 2.6593141421772444
51 65 4.98768339640104
51 52 2.491741138496094
52 66 9.838401605077456
52 53 1.8662184202664474
53 67 6.302905511073583
53 54 6.6381746972865034
54 68 5.842715885866488
54 55 6.959672971406502
55 69 2.0456269751070186
56 70 5.99516671784762
56 57 3.584913140146254
57 71 9.46158456970951
57 58 7.858644880957532
58 72 9.752630339437683
58 59 1.338004627661706
59 73 3.566198576626378
59 60 2.758803279745141
60 74 1.1003912858064746
60 61 3.1809315722168927
61 75 7.10898385168386
61 62 3.079800299211117
62 76 5.5810310093435636
62 63 8.990363034684988
63 77 7.243821283141677
63 64 4.551661629154288
64 78 4.352220450208975
64 65 5.101622326076362
65 79 2.5933729695391574
65 66 6.706006906743893
66 80 4.277375371941449
66 67 8.671288143358392
67 81 7.808973940520347
67 68 6.494618476829441
68 82 4.277820003845645
68 69 2.8893864850613595
69 83 7.985366776950606
70 84 5.377681890919779
70 71 3.0227503435962175
71 85 2.756571535360056
71 72 2.4886081405122313
72 86 7.994450765850355
72 73 3.060884667702805
73 87 5.739780371726777
73 74 5.063917248757508
74 88 6.216498093054555
74 75 8.894394103340748
75 89 8.809726510735576
75 76 5.059684646423737
76 90 1.1382962566125099
76 77 4.837994251428729
77 91 6.455741836817263
77 78 6.019882831882556
78 92 6.86202495220185
78 79 2.3866815922577516
79 93 6.8188158890265935
79 80 2.64386456869395
80 94 7.754715826270741
80 81 4.05178851936412
81 95 7.389058900433082
81 82 1.430790390154964
82 96 4.67074023031822
82 83 7.3453107003699944
83 97 3.041834646983447
84 98 8.157583403175003
84 85 6.6770175979443875
85 99 6.288055949348185
85 86 4.181939687839034
86 100 5.342063233430058
86 87 6.376143708800678
87 101 5.252159025234014
87 88 7.284819915465041
88 102 4.9032723979626365
88 89 2.820458635678273
89 103 2.925404045209425
89 90 1.0522339195864698
90 104 3.708619440028052
90 91 7.7402587643066765
91 105 8.147464379538485
91 92 2.82220787886175
92 106 9.63139597184267
92 93 5.521625141321141
93 107 9.252808741166524
93 94 7.36088753675468
94 108 7.501900807201718
94 95 1.7653925917546403
95 109 2.979920142072376
95 96 1.0793334996502537
96 110 7.4451487642906375
96 97 4.09994459585659
97 111 8.079872644687121
98 112 4.0504259794332365
98 99 8.37400377068975
99 113 2.176284283734817
99 100 2.5603584108175736
100 114 4.067888856255428
100 101 4.67638649994046
101 115 4.138325297586805
101 102 7.872823292708979
102 116 1.8725625336404323
102 103 4.160953176746393
103 117 8.535159995639134
103 104 1.601173695359548
104 118 9.481091569042217
104 105 9.876851580448117
105 119 1.7971135644257208
105 106 3.621452700301633
106 120 4.351605994318206
106 107 7.987522317874535
107 121 6.363341309050604
107 108 6.7992913044331065
108 122 7.817588405366553
108 109 2.0618109949332313
109 123 8.498885112192362
109 110 7.3505782376212965
110 124 6.196075526767332
110 111 9.00761801304751
111 125 7.302757184954264
112 126 2.8152996636792285
112 113 4.8677084296810005
113 127 5.4463858024216
113 114 1.4969586407536508
114 128 9.591737620240501
114 115 2.157195347171906
115 129 7.2771514050405415
115 116 5.556079324817921
116 130 1.2306902489598033
116 117 9.322727282779255
117 131 8.6665312793704
117 118 5.71832135113452
118 132 3.060481025255007
118 119 2.0946060161208484
119 133 4.27053231488914
119 120 3.2988545294148146
120 134 5.5602208090566885
120 121 9.69768366511086
121 135 6.174581439066772
121 122 9.009379503010882
122 136 6.857909537461995
122 123 5.2772187392848044
123 137 8.691468064600341
123 124 5.242312991556978
124 138 8.817653534593248
124 125 3.6241909261818877
125 139 2.159317663866893
126 140 8.697830179266445
126 127 6.286736474134001
127 141 9.001831584240641
127 128 9.440444862931448
128 142 1.4826555133430426
128 129 5.508723716729815
129 143 4.374680941670763
129 130 6.632725573631054
130 144 8.142320774820911
130 131 3.5253119437693208
131 145 6.011185459358545
131 132 7.3785572191440965
132 146 2.209879745521606
132 133 8.326602153561401
133 147 6.454986398676757
133 134 9.545836934022866
134 148 4.05576027217624
134 135 1.9733134810347879
135 149 5.558510809332327
135 136 1.7722969453849498
136 150 9.725738709916062
136 137 1.3481646243147238
137 151 7.781535109965772
137 138 5.725921583280196
138 152 4.317585872484598
138 139 1.592579480577892
139 153 6.59950231756247
140 154 6.266982964518597
140 141 3.527949457608398
141 155 9.191995312692809
141 142 3.736990066085532
142 156 5.047528695328955
142 143 5.893862103267901
143 157 1.9020869035865748
143 144 9.389455472922691
144 158 4.37082537205937
144 145 1.7270129248690926
145 159 4.485620563077969
145 146 6.401822923833226
146 160 5.622874046391966
146 147 7.250877766335466
147 161 1.4993554786111956
147 148 3.5608654924485053
148 162 8.37307519156092
148 149 1.7190431901222478
149 163 8.699373592263619
149 150 1.8270648286939561
150 164 8.510087934025266
150 151 4.2470956097085395
151 165 6.509881569314942
151 152 2.3759840408319834
152 166 1.5955184955266275
152 153 2.9434438361812156
153 167 2.15068436117826
154 168 3.8116530791166863
154 155 5.629449218599182
155 169 6.298835172085086
155 156 8.108812966417686
156 170 6.906159039235227
156 157 6.478824926165977
157 171 4.706038247371971
157 158 5.2642759146412486
158 172 4.73068746451163
158 159 8.579494270552448
159 173 3.070004072935599
159 160 1.0514883838776816
160 174 6.861879075036153
160 161 2.8221596527494826
161 175 9.011036226788283
161 162 8.731416967359905
162 176 1.6905463473538531
162 163 1.9574956487266961
163 177 5.456544330219996
163 164 6.483003964924192
164 178 3.4741750373401667
164 165 7.451179450294336
165 179 6.354244188269844
165 166 3.923416987736992
166 180 1.2283433923808404
166 167 7.751352531686659
167 181 2.9327829924257443
168 182 8.510263691163654
168 169 4.7826123404882965
169 183 6.193696983685888
169 170 8.856538573681018
170 184 8.77260700827958
170 171 4.34367617719216
171 185 2.8800000344335883
171 172 7.976314699557352
172 186 4.8977218324191805
172 173 2.728377942031037
173 187 9.139828080854352
173 174 2.7829377481697866
174 188 1.2322645137210797
174 175 1.1825197639067797
175 189 6.600838208088378
175 176 6.955075546457773
176 190 3.799375345512855
176 177 3.8800989032235704
177 191 4.0554452355394845
177 178 7.121426920829908
178 192 1.5232041192414574
178 179 9.362047174221932
179 193 3.002689397597018
179 180 9.997058847178831
180 194 2.543704244084683
180 181 7.943918115811397
181 195 3.0107129043666254
182 183 1.7276212147892858
183 184 8.87439991915584
184 185 8.728761332718026
185 186 4.632133532046412
186 187 7.321565282863841
187 188 6.013593394155254
188 189 8.67660502306374
189 190 3.8355037238678897
190 191 5.713051599990867
191 192 5.368351340840954
192 193 4.1851524363117285
193 194 9.02309558100735
194 195 2.4929013219628193
