5 6 30 
0 1 3.5851509248867357
0 2 3.6667730841039106
0 3 3.1024697594491895
0 4 1.378838706727257
0 5 1.1608654126007243
0 6 9.889501507624283
0 7 4.849958203622761
0 8 4.4589398244371345
0 9 7.116825544237629
1 2 2.9642849907855773
1 3 9.549650655552028
1 4 8.07710512973997
1 5 1.8046990208103355
1 6 4.758226982064356
1 7 8.912064768059482
1 8 9.502588200622693
1 9 5.2066136012488275
2 3 6.520702502896369
2 4 2.503305514828677
2 5 9.92051763523279
2 6 3.0850453124509905
2 7 9.48458596721613
2 8 6.846819840931316
2 9 6.469631153909732
3 4 5.614196599148578
3 5 3.076028305459828
3 6 2.5887522880495744
3 7 2.9843758816315784
3 8 2.6779443592982908
3 9 8.01626026210078
4 5 4.151127332500571
4 6 1.5205840890705673
4 7 9.721923671267302
4 8 8.954072964670832
4 9 9.349770548756917
5 6 9.954170403817917
5 7 2.5650572429753855
5 8 4.566178170123929
5 9 7.824146281336822
6 7 7.26418556248413
6 8 2.3850631570586955
6 9 8.34249812491556
7 8 3.019965146529946
7 9 3.0143585334036076
8 9 5.832769806040722
